    0.10000E-03    0.43085E+03
    0.10202E-03    0.43919E+03
    0.10408E-03    0.44770E+03
    0.10618E-03    0.45638E+03
    0.10833E-03    0.46522E+03
    0.11052E-03    0.47423E+03
    0.11275E-03    0.48342E+03
    0.11503E-03    0.49278E+03
    0.11735E-03    0.50233E+03
    0.11972E-03    0.51206E+03
    0.12214E-03    0.52198E+03
    0.12461E-03    0.53209E+03
    0.12712E-03    0.54240E+03
    0.12969E-03    0.55290E+03
    0.13231E-03    0.56361E+03
    0.13499E-03    0.57453E+03
    0.13771E-03    0.58566E+03
    0.14049E-03    0.59700E+03
    0.14333E-03    0.60856E+03
    0.14623E-03    0.62034E+03
    0.14918E-03    0.63236E+03
    0.15220E-03    0.64460E+03
    0.15527E-03    0.65708E+03
    0.15841E-03    0.66980E+03
    0.16161E-03    0.68277E+03
    0.16487E-03    0.69599E+03
    0.16820E-03    0.70946E+03
    0.17160E-03    0.72320E+03
    0.17507E-03    0.73720E+03
    0.17860E-03    0.75146E+03
    0.18221E-03    0.76601E+03
    0.18589E-03    0.78083E+03
    0.18965E-03    0.79594E+03
    0.19348E-03    0.81134E+03
    0.19739E-03    0.82704E+03
    0.20138E-03    0.84304E+03
    0.20544E-03    0.85935E+03
    0.20959E-03    0.87598E+03
    0.21383E-03    0.89292E+03
    0.21815E-03    0.91019E+03
    0.22255E-03    0.92779E+03
    0.22705E-03    0.94573E+03
    0.23164E-03    0.96402E+03
    0.23632E-03    0.98266E+03
    0.24109E-03    0.10017E+04
    0.24596E-03    0.10210E+04
    0.25093E-03    0.10407E+04
    0.25600E-03    0.10609E+04
    0.26117E-03    0.10814E+04
    0.26645E-03    0.11022E+04
    0.27183E-03    0.11235E+04
    0.27732E-03    0.11452E+04
    0.28292E-03    0.11674E+04
    0.28864E-03    0.11899E+04
    0.29447E-03    0.12129E+04
    0.30042E-03    0.12363E+04
    0.30649E-03    0.12601E+04
    0.31268E-03    0.12844E+04
    0.31899E-03    0.13092E+04
    0.32544E-03    0.13345E+04
    0.33201E-03    0.13602E+04
    0.33872E-03    0.13864E+04
    0.34556E-03    0.14132E+04
    0.35254E-03    0.14404E+04
    0.35966E-03    0.14682E+04
    0.36693E-03    0.14964E+04
    0.37434E-03    0.15253E+04
    0.38190E-03    0.15546E+04
    0.38962E-03    0.15846E+04
    0.39749E-03    0.16151E+04
    0.40552E-03    0.16461E+04
    0.41371E-03    0.16778E+04
    0.42207E-03    0.17100E+04
    0.43060E-03    0.17429E+04
    0.43929E-03    0.17764E+04
    0.44817E-03    0.18105E+04
    0.45722E-03    0.18453E+04
    0.46646E-03    0.18807E+04
    0.47588E-03    0.19168E+04
    0.48550E-03    0.19536E+04
    0.49530E-03    0.19911E+04
    0.50531E-03    0.20292E+04
    0.51552E-03    0.20681E+04
    0.52593E-03    0.21077E+04
    0.53656E-03    0.21481E+04
    0.54739E-03    0.21892E+04
    0.55845E-03    0.22310E+04
    0.56973E-03    0.22737E+04
    0.58124E-03    0.23171E+04
    0.59299E-03    0.23614E+04
    0.60496E-03    0.24065E+04
    0.61719E-03    0.24524E+04
    0.62965E-03    0.24991E+04
    0.64237E-03    0.25468E+04
    0.65535E-03    0.25953E+04
    0.66859E-03    0.26447E+04
    0.68210E-03    0.26950E+04
    0.69588E-03    0.27462E+04
    0.70993E-03    0.27984E+04
    0.72427E-03    0.28515E+04
    0.73891E-03    0.29056E+04
    0.75383E-03    0.29607E+04
    0.76906E-03    0.30168E+04
    0.78460E-03    0.30739E+04
    0.80045E-03    0.31320E+04
    0.81662E-03    0.31912E+04
    0.83311E-03    0.32515E+04
    0.84994E-03    0.33128E+04
    0.86711E-03    0.33753E+04
    0.88463E-03    0.34389E+04
    0.90250E-03    0.35036E+04
    0.92073E-03    0.35694E+04
    0.93933E-03    0.36365E+04
    0.95831E-03    0.37047E+04
    0.97767E-03    0.37742E+04
    0.99742E-03    0.38448E+04
    0.10176E-02    0.39168E+04
    0.10381E-02    0.39899E+04
    0.10591E-02    0.40644E+04
    0.10805E-02    0.41402E+04
    0.11023E-02    0.42173E+04
    0.11246E-02    0.42957E+04
    0.11473E-02    0.43755E+04
    0.11705E-02    0.44567E+04
    0.11941E-02    0.45392E+04
    0.12182E-02    0.46232E+04
    0.12429E-02    0.47086E+04
    0.12680E-02    0.47955E+04
    0.12936E-02    0.48838E+04
    0.13197E-02    0.49736E+04
    0.13464E-02    0.50650E+04
    0.13736E-02    0.51579E+04
    0.14013E-02    0.52523E+04
    0.14296E-02    0.53483E+04
    0.14585E-02    0.54458E+04
    0.14880E-02    0.55450E+04
    0.15180E-02    0.56458E+04
    0.15487E-02    0.57483E+04
    0.15800E-02    0.58524E+04
    0.16119E-02    0.59581E+04
    0.16445E-02    0.60656E+04
    0.16777E-02    0.61748E+04
    0.17116E-02    0.62857E+04
    0.17462E-02    0.63984E+04
    0.17814E-02    0.65128E+04
    0.18174E-02    0.66290E+04
    0.18541E-02    0.67470E+04
    0.18916E-02    0.68669E+04
    0.19298E-02    0.69885E+04
    0.19688E-02    0.71120E+04
    0.20086E-02    0.72373E+04
    0.20491E-02    0.73645E+04
    0.20905E-02    0.74936E+04
    0.21328E-02    0.76246E+04
    0.21758E-02    0.77575E+04
    0.22198E-02    0.78923E+04
    0.22646E-02    0.80291E+04
    0.23104E-02    0.81677E+04
    0.23571E-02    0.83084E+04
    0.24047E-02    0.84509E+04
    0.24533E-02    0.85955E+04
    0.25028E-02    0.87420E+04
    0.25534E-02    0.88905E+04
    0.26050E-02    0.90409E+04
    0.26576E-02    0.91933E+04
    0.27113E-02    0.93478E+04
    0.27660E-02    0.95042E+04
    0.28219E-02    0.96625E+04
    0.28789E-02    0.98229E+04
    0.29371E-02    0.99852E+04
    0.29964E-02    0.10150E+05
    0.30569E-02    0.10316E+05
    0.31187E-02    0.10484E+05
    0.31817E-02    0.10654E+05
    0.32460E-02    0.10826E+05
    0.33115E-02    0.11000E+05
    0.33784E-02    0.11176E+05
    0.34467E-02    0.11354E+05
    0.35163E-02    0.11534E+05
    0.35874E-02    0.11716E+05
    0.36598E-02    0.11899E+05
    0.37338E-02    0.12085E+05
    0.38092E-02    0.12272E+05
    0.38861E-02    0.12461E+05
    0.39646E-02    0.12651E+05
    0.40447E-02    0.12843E+05
    0.41264E-02    0.13037E+05
    0.42098E-02    0.13233E+05
    0.42948E-02    0.13430E+05
    0.43816E-02    0.13629E+05
    0.44701E-02    0.13829E+05
    0.45604E-02    0.14031E+05
    0.46525E-02    0.14234E+05
    0.47465E-02    0.14439E+05
    0.48424E-02    0.14644E+05
    0.49402E-02    0.14851E+05
    0.50400E-02    0.15060E+05
    0.51419E-02    0.15269E+05
    0.52457E-02    0.15479E+05
    0.53517E-02    0.15690E+05
    0.54598E-02    0.15903E+05
    0.55701E-02    0.16116E+05
    0.56826E-02    0.16329E+05
    0.57974E-02    0.16544E+05
    0.59145E-02    0.16759E+05
    0.60340E-02    0.16974E+05
    0.61559E-02    0.17190E+05
    0.62803E-02    0.17406E+05
    0.64072E-02    0.17622E+05
    0.65366E-02    0.17838E+05
    0.66686E-02    0.18054E+05
    0.68033E-02    0.18269E+05
    0.69408E-02    0.18485E+05
    0.70810E-02    0.18700E+05
    0.72240E-02    0.18914E+05
    0.73700E-02    0.19128E+05
    0.75189E-02    0.19341E+05
    0.76708E-02    0.19552E+05
    0.78257E-02    0.19763E+05
    0.79838E-02    0.19972E+05
    0.81451E-02    0.20180E+05
    0.83096E-02    0.20386E+05
    0.84775E-02    0.20590E+05
    0.86488E-02    0.20792E+05
    0.88235E-02    0.20992E+05
    0.90017E-02    0.21189E+05
    0.91836E-02    0.21384E+05
    0.93691E-02    0.21576E+05
    0.95583E-02    0.21765E+05
    0.97514E-02    0.21951E+05
    0.99484E-02    0.22133E+05
    0.10149E-01    0.22312E+05
    0.10354E-01    0.22487E+05
    0.10564E-01    0.22657E+05
    0.10777E-01    0.22824E+05
    0.10995E-01    0.22986E+05
    0.11217E-01    0.23143E+05
    0.11443E-01    0.23295E+05
    0.11675E-01    0.23441E+05
    0.11910E-01    0.23582E+05
    0.12151E-01    0.23717E+05
    0.12397E-01    0.23846E+05
    0.12647E-01    0.23968E+05
    0.12902E-01    0.24084E+05
    0.13163E-01    0.24194E+05
    0.13429E-01    0.24296E+05
    0.13700E-01    0.24392E+05
    0.13977E-01    0.24479E+05
    0.14259E-01    0.24558E+05
    0.14547E-01    0.24627E+05
    0.14841E-01    0.24686E+05
    0.15141E-01    0.24736E+05
    0.15447E-01    0.24778E+05
    0.15759E-01    0.24813E+05
    0.16077E-01    0.24842E+05
    0.16402E-01    0.24867E+05
    0.16734E-01    0.24887E+05
    0.17072E-01    0.24898E+05
    0.17416E-01    0.24899E+05
    0.17768E-01    0.24887E+05
    0.18127E-01    0.24858E+05
    0.18493E-01    0.24814E+05
    0.18867E-01    0.24756E+05
    0.19248E-01    0.24685E+05
    0.19637E-01    0.24603E+05
    0.20034E-01    0.24512E+05
    0.20438E-01    0.24410E+05
    0.20851E-01    0.24297E+05
    0.21272E-01    0.24170E+05
    0.21702E-01    0.24028E+05
    0.22141E-01    0.23869E+05
    0.22588E-01    0.23696E+05
    0.23044E-01    0.23508E+05
    0.23510E-01    0.23309E+05
    0.23985E-01    0.23101E+05
    0.24469E-01    0.22884E+05
    0.24964E-01    0.22659E+05
    0.25468E-01    0.22427E+05
    0.25982E-01    0.22187E+05
    0.26507E-01    0.21940E+05
    0.27043E-01    0.21686E+05
    0.27589E-01    0.21423E+05
    0.28146E-01    0.21152E+05
    0.28715E-01    0.20871E+05
    0.29295E-01    0.20580E+05
    0.29887E-01    0.20279E+05
    0.30490E-01    0.19970E+05
    0.31106E-01    0.19654E+05
    0.31735E-01    0.19332E+05
    0.32376E-01    0.19008E+05
    0.33030E-01    0.18682E+05
    0.33697E-01    0.18355E+05
    0.34378E-01    0.18028E+05
    0.35072E-01    0.17700E+05
    0.35781E-01    0.17373E+05
    0.36504E-01    0.17047E+05
    0.37241E-01    0.16722E+05
    0.37993E-01    0.16401E+05
    0.38761E-01    0.16084E+05
    0.39544E-01    0.15772E+05
    0.40343E-01    0.15466E+05
    0.41158E-01    0.15166E+05
    0.41989E-01    0.14873E+05
    0.42838E-01    0.14587E+05
    0.43703E-01    0.14309E+05
    0.44586E-01    0.14038E+05
    0.45486E-01    0.13777E+05
    0.46405E-01    0.13525E+05
    0.47343E-01    0.13284E+05
    0.48299E-01    0.13055E+05
    0.49275E-01    0.12837E+05
    0.50270E-01    0.12630E+05
    0.51286E-01    0.12433E+05
    0.52322E-01    0.12244E+05
    0.53379E-01    0.12063E+05
    0.54457E-01    0.11889E+05
    0.55557E-01    0.11722E+05
    0.56680E-01    0.11561E+05
    0.57825E-01    0.11405E+05
    0.58993E-01    0.11253E+05
    0.60184E-01    0.11104E+05
    0.61400E-01    0.10955E+05
    0.62641E-01    0.10806E+05
    0.63906E-01    0.10655E+05
    0.65197E-01    0.10501E+05
    0.66514E-01    0.10343E+05
    0.67858E-01    0.10178E+05
    0.69229E-01    0.10004E+05
    0.70627E-01    0.98192E+04
    0.72054E-01    0.96248E+04
    0.73510E-01    0.94233E+04
    0.74994E-01    0.92168E+04
    0.76509E-01    0.90037E+04
    0.78055E-01    0.87795E+04
    0.79632E-01    0.85405E+04
    0.81241E-01    0.82889E+04
    0.82882E-01    0.80298E+04
    0.84556E-01    0.77672E+04
    0.86264E-01    0.75030E+04
    0.88007E-01    0.72387E+04
    0.89785E-01    0.69763E+04
    0.91598E-01    0.67186E+04
    0.93449E-01    0.64679E+04
    0.95337E-01    0.62270E+04
    0.97263E-01    0.59981E+04
    0.99227E-01    0.57834E+04
    0.10123E+00    0.55846E+04
    0.10328E+00    0.54031E+04
    0.10536E+00    0.52396E+04
    0.10749E+00    0.50938E+04
    0.10966E+00    0.49651E+04
    0.11188E+00    0.48515E+04
    0.11414E+00    0.47509E+04
    0.11644E+00    0.46605E+04
    0.11880E+00    0.45772E+04
    0.12120E+00    0.44978E+04
    0.12365E+00    0.44189E+04
    0.12614E+00    0.43374E+04
    0.12869E+00    0.42505E+04
    0.13129E+00    0.41555E+04
    0.13394E+00    0.40506E+04
    0.13665E+00    0.39349E+04
    0.13941E+00    0.38085E+04
    0.14223E+00    0.36728E+04
    0.14510E+00    0.35298E+04
    0.14803E+00    0.33825E+04
    0.15102E+00    0.32345E+04
    0.15407E+00    0.30891E+04
    0.15718E+00    0.29502E+04
    0.16036E+00    0.28211E+04
    0.16360E+00    0.27045E+04
    0.16690E+00    0.26021E+04
    0.17028E+00    0.25143E+04
    0.17371E+00    0.24398E+04
    0.17722E+00    0.23764E+04
    0.18080E+00    0.23211E+04
    0.18446E+00    0.22703E+04
    0.18818E+00    0.22206E+04
    0.19198E+00    0.21685E+04
    0.19586E+00    0.21111E+04
    0.19982E+00    0.20463E+04
    0.20386E+00    0.19739E+04
    0.20797E+00    0.18952E+04
    0.21218E+00    0.18128E+04
    0.21646E+00    0.17299E+04
    0.22083E+00    0.16498E+04
    0.22530E+00    0.15756E+04
    0.22985E+00    0.15093E+04
    0.23449E+00    0.14519E+04
    0.23923E+00    0.14030E+04
    0.24406E+00    0.13609E+04
    0.24899E+00    0.13231E+04
    0.25402E+00    0.12868E+04
    0.25915E+00    0.12489E+04
    0.26439E+00    0.12076E+04
    0.26973E+00    0.11624E+04
    0.27518E+00    0.11143E+04
    0.28074E+00    0.10652E+04
    0.28641E+00    0.10173E+04
    0.29219E+00    0.97265E+03
    0.29810E+00    0.93269E+03
    0.30412E+00    0.89777E+03
    0.31026E+00    0.86688E+03
    0.31653E+00    0.83834E+03
    0.32292E+00    0.81043E+03
    0.32945E+00    0.78172E+03
    0.33610E+00    0.75149E+03
    0.34289E+00    0.72017E+03
    0.34982E+00    0.68900E+03
    0.35689E+00    0.65927E+03
    0.36409E+00    0.63187E+03
    0.37145E+00    0.60708E+03
    0.37895E+00    0.58442E+03
    0.38661E+00    0.56292E+03
    0.39442E+00    0.54168E+03
    0.40239E+00    0.52020E+03
    0.41052E+00    0.49855E+03
    0.41881E+00    0.47735E+03
    0.42727E+00    0.45720E+03
    0.43590E+00    0.43841E+03
    0.44471E+00    0.42096E+03
    0.45369E+00    0.40438E+03
    0.46286E+00    0.38822E+03
    0.47221E+00    0.37229E+03
    0.48174E+00    0.35661E+03
    0.49148E+00    0.34151E+03
    0.50141E+00    0.32721E+03
    0.51153E+00    0.31370E+03
    0.52187E+00    0.30083E+03
    0.53241E+00    0.28837E+03
    0.54317E+00    0.27625E+03
    0.55414E+00    0.26451E+03
    0.56533E+00    0.25328E+03
    0.57675E+00    0.24258E+03
    0.58840E+00    0.23237E+03
    0.60029E+00    0.22255E+03
    0.61242E+00    0.21305E+03
    0.62479E+00    0.20391E+03
    0.63741E+00    0.19516E+03
    0.65029E+00    0.18679E+03
    0.66342E+00    0.17878E+03
    0.67683E+00    0.17109E+03
    0.69050E+00    0.16371E+03
    0.70445E+00    0.15662E+03
    0.71868E+00    0.14983E+03
    0.73320E+00    0.14331E+03
    0.74801E+00    0.13706E+03
    0.76312E+00    0.13107E+03
    0.77854E+00    0.12533E+03
    0.79426E+00    0.11982E+03
    0.81031E+00    0.11455E+03
    0.82668E+00    0.10949E+03
    0.84338E+00    0.10465E+03
    0.86041E+00    0.10001E+03
    0.87780E+00    0.95571E+02
    0.89553E+00    0.91318E+02
    0.91362E+00    0.87247E+02
    0.93208E+00    0.83350E+02
    0.95091E+00    0.79620E+02
    0.97011E+00    0.76051E+02
    0.98971E+00    0.72636E+02
    0.10097E+01    0.69368E+02
    0.10301E+01    0.66242E+02
    0.10509E+01    0.63252E+02
    0.10721E+01    0.60392E+02
    0.10938E+01    0.57656E+02
    0.11159E+01    0.55040E+02
    0.11384E+01    0.52539E+02
    0.11614E+01    0.50147E+02
    0.11849E+01    0.47860E+02
    0.12088E+01    0.45675E+02
    0.12333E+01    0.43585E+02
    0.12582E+01    0.41588E+02
    0.12836E+01    0.39680E+02
    0.13095E+01    0.37856E+02
    0.13360E+01    0.36113E+02
    0.13630E+01    0.34448E+02
    0.13905E+01    0.32857E+02
    0.14186E+01    0.31338E+02
    0.14472E+01    0.29886E+02
    0.14765E+01    0.28499E+02
    0.15063E+01    0.27175E+02
    0.15367E+01    0.25910E+02
    0.15678E+01    0.24702E+02
    0.15994E+01    0.23548E+02
    0.16318E+01    0.22447E+02
    0.16647E+01    0.21395E+02
    0.16984E+01    0.20391E+02
    0.17327E+01    0.19433E+02
    0.17677E+01    0.18518E+02
    0.18034E+01    0.17645E+02
    0.18398E+01    0.16811E+02
    0.18770E+01    0.16016E+02
    0.19149E+01    0.15257E+02
    0.19536E+01    0.14534E+02
    0.19930E+01    0.13843E+02
    0.20333E+01    0.13185E+02
    0.20744E+01    0.12557E+02
    0.21163E+01    0.11959E+02
    0.21590E+01    0.11388E+02
    0.22026E+01    0.10845E+02
    0.22471E+01    0.10327E+02
    0.22925E+01    0.98332E+01
    0.23388E+01    0.93630E+01
    0.23861E+01    0.89152E+01
    0.24343E+01    0.84886E+01
    0.24835E+01    0.80823E+01
