  0.105564E-04  0.197746E+08  0.197746E+08  0.263524E+08  0.263520E+08  0.000000E+00  0.197746E+08  0.197746E+08  0.197823E+08 -0.474559E+00  0.105175E+08  0.105175E+08  0.597534E+01
  0.116564E-04  0.197746E+08  0.197746E+08  0.263494E+08  0.263489E+08  0.000000E+00  0.197746E+08  0.197746E+08  0.197822E+08 -0.474559E+00  0.105175E+08  0.105175E+08  0.659778E+01
  0.128710E-04  0.197746E+08  0.197746E+08  0.263457E+08  0.263451E+08  0.000000E+00  0.197746E+08  0.197746E+08  0.197822E+08 -0.474559E+00  0.105175E+08  0.105175E+08  0.728502E+01
  0.142122E-04  0.197746E+08  0.197746E+08  0.263413E+08  0.263405E+08  0.000000E+00  0.197746E+08  0.197746E+08  0.197822E+08 -0.474559E+00  0.105175E+08  0.105175E+08  0.804377E+01
  0.156931E-04  0.197746E+08  0.197746E+08  0.263358E+08  0.263349E+08  0.000000E+00  0.197746E+08  0.197746E+08  0.197822E+08 -0.474558E+00  0.105175E+08  0.105175E+08  0.888147E+01
  0.173284E-04  0.197745E+08  0.197745E+08  0.263292E+08  0.263281E+08  0.000000E+00  0.197745E+08  0.197745E+08  0.197822E+08 -0.474558E+00  0.105175E+08  0.105175E+08  0.980629E+01
  0.191340E-04  0.197745E+08  0.197745E+08  0.263211E+08  0.263197E+08  0.000000E+00  0.197745E+08  0.197745E+08  0.197822E+08 -0.474558E+00  0.105175E+08  0.105175E+08  0.108273E+02
  0.211278E-04  0.197745E+08  0.197745E+08  0.263112E+08  0.263096E+08  0.000000E+00  0.197745E+08  0.197745E+08  0.197822E+08 -0.474557E+00  0.105175E+08  0.105175E+08  0.119543E+02
  0.233293E-04  0.197745E+08  0.197745E+08  0.262992E+08  0.262972E+08  0.000000E+00  0.197745E+08  0.197745E+08  0.197821E+08 -0.474556E+00  0.105175E+08  0.105175E+08  0.131984E+02
  0.257603E-04  0.197745E+08  0.197744E+08  0.262845E+08  0.262821E+08  0.000000E+00  0.197744E+08  0.197744E+08  0.197821E+08 -0.474555E+00  0.105175E+08  0.105175E+08  0.145716E+02
  0.284445E-04  0.197744E+08  0.197744E+08  0.262666E+08  0.262637E+08  0.000000E+00  0.197744E+08  0.197744E+08  0.197821E+08 -0.474554E+00  0.105174E+08  0.105174E+08  0.160871E+02
  0.314085E-04  0.197744E+08  0.197744E+08  0.262449E+08  0.262412E+08  0.000000E+00  0.197744E+08  0.197744E+08  0.197820E+08 -0.474553E+00  0.105174E+08  0.105174E+08  0.177596E+02
  0.346813E-04  0.197743E+08  0.197743E+08  0.262183E+08  0.262139E+08  0.000000E+00  0.197743E+08  0.197743E+08  0.197820E+08 -0.474551E+00  0.105174E+08  0.105174E+08  0.196050E+02
  0.382951E-04  0.197743E+08  0.197742E+08  0.261860E+08  0.261806E+08  0.000000E+00  0.197743E+08  0.197743E+08  0.197819E+08 -0.474550E+00  0.105174E+08  0.105174E+08  0.216410E+02
  0.422855E-04  0.197742E+08  0.197742E+08  0.261467E+08  0.261401E+08  0.000000E+00  0.197742E+08  0.197742E+08  0.197818E+08 -0.474547E+00  0.105173E+08  0.105173E+08  0.238867E+02
  0.466918E-04  0.197741E+08  0.197741E+08  0.260988E+08  0.260908E+08  0.000000E+00  0.197741E+08  0.197741E+08  0.197817E+08 -0.474544E+00  0.105173E+08  0.105173E+08  0.263632E+02
  0.515571E-04  0.197740E+08  0.197740E+08  0.260405E+08  0.260308E+08  0.000000E+00  0.197740E+08  0.197740E+08  0.197816E+08 -0.474541E+00  0.105172E+08  0.105172E+08  0.290934E+02
  0.569294E-04  0.197738E+08  0.197738E+08  0.259696E+08  0.259578E+08  0.000000E+00  0.197738E+08  0.197738E+08  0.197814E+08 -0.474537E+00  0.105171E+08  0.105171E+08  0.321023E+02
  0.628616E-04  0.197737E+08  0.197736E+08  0.258834E+08  0.258690E+08  0.000000E+00  0.197737E+08  0.197737E+08  0.197812E+08 -0.474531E+00  0.105170E+08  0.105170E+08  0.354169E+02
  0.694118E-04  0.197735E+08  0.197734E+08  0.257787E+08  0.257612E+08  0.000000E+00  0.197735E+08  0.197735E+08  0.197810E+08 -0.474525E+00  0.105169E+08  0.105169E+08  0.390664E+02
  0.766446E-04  0.197732E+08  0.197732E+08  0.256515E+08  0.256302E+08  0.000000E+00  0.197732E+08  0.197732E+08  0.197807E+08 -0.474517E+00  0.105168E+08  0.105168E+08  0.430821E+02
  0.846311E-04  0.197729E+08  0.197729E+08  0.254972E+08  0.254714E+08  0.000000E+00  0.197729E+08  0.197729E+08  0.197803E+08 -0.474508E+00  0.105166E+08  0.105166E+08  0.474973E+02
  0.934498E-04  0.197725E+08  0.197725E+08  0.253102E+08  0.252789E+08  0.000000E+00  0.197725E+08  0.197725E+08  0.197799E+08 -0.474497E+00  0.105164E+08  0.105164E+08  0.523472E+02
  0.103187E-03  0.197721E+08  0.197720E+08  0.250840E+08  0.250461E+08  0.000000E+00  0.197721E+08  0.197721E+08  0.197794E+08 -0.474483E+00  0.105162E+08  0.105162E+08  0.576685E+02
  0.113940E-03  0.197715E+08  0.197714E+08  0.248107E+08  0.247648E+08  0.000000E+00  0.197715E+08  0.197715E+08  0.197787E+08 -0.474466E+00  0.105159E+08  0.105159E+08  0.634987E+02
  0.125812E-03  0.197708E+08  0.197708E+08  0.244811E+08  0.244258E+08  0.000000E+00  0.197708E+08  0.197708E+08  0.197780E+08 -0.474446E+00  0.105155E+08  0.105155E+08  0.698756E+02
  0.138922E-03  0.197700E+08  0.197699E+08  0.240848E+08  0.240182E+08  0.000000E+00  0.197700E+08  0.197700E+08  0.197770E+08 -0.474421E+00  0.105151E+08  0.105150E+08  0.768357E+02
  0.153398E-03  0.197690E+08  0.197689E+08  0.236096E+08  0.235297E+08  0.000000E+00  0.197690E+08  0.197690E+08  0.197759E+08 -0.474391E+00  0.105145E+08  0.105145E+08  0.844128E+02
  0.169382E-03  0.197678E+08  0.197677E+08  0.230419E+08  0.229464E+08  0.000000E+00  0.197678E+08  0.197678E+08  0.197745E+08 -0.474354E+00  0.105139E+08  0.105138E+08  0.926356E+02
  0.187032E-03  0.197663E+08  0.197661E+08  0.223668E+08  0.222531E+08  0.000000E+00  0.197663E+08  0.197663E+08  0.197728E+08 -0.474310E+00  0.105131E+08  0.105130E+08  0.101525E+03
  0.206521E-03  0.197646E+08  0.197643E+08  0.215685E+08  0.214338E+08  0.000000E+00  0.197645E+08  0.197645E+08  0.197708E+08 -0.474256E+00  0.105121E+08  0.105120E+08  0.111088E+03
  0.228041E-03  0.197624E+08  0.197621E+08  0.206310E+08  0.204725E+08  0.000000E+00  0.197623E+08  0.197623E+08  0.197683E+08 -0.474191E+00  0.105109E+08  0.105108E+08  0.121316E+03
  0.251803E-03  0.197598E+08  0.197594E+08  0.195392E+08  0.193541E+08  0.000000E+00  0.197597E+08  0.197597E+08  0.197654E+08 -0.474113E+00  0.105095E+08  0.105094E+08  0.132176E+03
  0.278041E-03  0.197566E+08  0.197561E+08  0.182809E+08  0.180669E+08  0.000000E+00  0.197565E+08  0.197565E+08  0.197618E+08 -0.474020E+00  0.105078E+08  0.105077E+08  0.143603E+03
  0.307014E-03  0.197527E+08  0.197522E+08  0.168493E+08  0.166049E+08  0.000000E+00  0.197526E+08  0.197526E+08  0.197575E+08 -0.473907E+00  0.105057E+08  0.105056E+08  0.155493E+03
  0.339005E-03  0.197481E+08  0.197474E+08  0.152464E+08  0.149715E+08  0.000000E+00  0.197480E+08  0.197480E+08  0.197524E+08 -0.473773E+00  0.105032E+08  0.105030E+08  0.167689E+03
  0.374330E-03  0.197425E+08  0.197417E+08  0.134873E+08  0.131837E+08  0.000000E+00  0.197423E+08  0.197423E+08  0.197462E+08 -0.473612E+00  0.105001E+08  0.104999E+08  0.179978E+03
  0.413335E-03  0.197357E+08  0.197348E+08  0.116043E+08  0.112769E+08  0.000000E+00  0.197356E+08  0.197356E+08  0.197389E+08 -0.473422E+00  0.104965E+08  0.104962E+08  0.192077E+03
  0.456406E-03  0.197276E+08  0.197266E+08  0.965162E+07  0.930869E+07  0.000000E+00  0.197275E+08  0.197275E+08  0.197303E+08 -0.473197E+00  0.104921E+08  0.104918E+08  0.203636E+03
  0.503964E-03  0.197180E+08  0.197167E+08  0.770654E+07  0.736058E+07  0.000000E+00  0.197178E+08  0.197178E+08  0.197200E+08 -0.472933E+00  0.104869E+08  0.104866E+08  0.214236E+03
  0.556477E-03  0.197065E+08  0.197050E+08  0.586719E+07  0.553461E+07  0.000000E+00  0.197063E+08  0.197063E+08  0.197079E+08 -0.472624E+00  0.104807E+08  0.104803E+08  0.223408E+03
  0.614463E-03  0.196929E+08  0.196911E+08  0.424231E+07  0.394211E+07  0.000000E+00  0.196926E+08  0.196926E+08  0.196938E+08 -0.472265E+00  0.104733E+08  0.104728E+08  0.230665E+03
  0.678491E-03  0.196768E+08  0.196748E+08  0.293152E+07  0.268246E+07  0.000000E+00  0.196764E+08  0.196764E+08  0.196773E+08 -0.471848E+00  0.104645E+08  0.104641E+08  0.235542E+03
  0.749191E-03  0.196578E+08  0.196555E+08  0.199691E+07  0.181299E+07  0.000000E+00  0.196574E+08  0.196574E+08  0.196580E+08 -0.471367E+00  0.104543E+08  0.104538E+08  0.237661E+03
  0.827257E-03  0.196356E+08  0.196330E+08  0.143318E+07  0.131835E+07  0.000000E+00  0.196352E+08  0.196352E+08  0.196356E+08 -0.470813E+00  0.104423E+08  0.104417E+08  0.236783E+03
  0.913459E-03  0.196097E+08  0.196068E+08  0.115229E+07  0.109646E+07  0.000000E+00  0.196092E+08  0.196092E+08  0.196096E+08 -0.470176E+00  0.104283E+08  0.104277E+08  0.232847E+03
  0.100864E-02  0.195796E+08  0.195763E+08  0.100377E+07  0.983422E+06  0.000000E+00  0.195791E+08  0.195791E+08  0.195794E+08 -0.469442E+00  0.104122E+08  0.104115E+08  0.225973E+03
  0.111374E-02  0.195447E+08  0.195412E+08  0.841310E+06  0.827201E+06  0.000000E+00  0.195442E+08  0.195442E+08  0.195444E+08 -0.468598E+00  0.103935E+08  0.103927E+08  0.216413E+03
  0.122980E-02  0.195045E+08  0.195007E+08  0.609752E+06  0.580212E+06  0.000000E+00  0.195039E+08  0.195039E+08  0.195041E+08 -0.467626E+00  0.103720E+08  0.103712E+08  0.204491E+03
  0.135794E-02  0.194583E+08  0.194542E+08  0.378709E+06  0.330447E+06  0.000000E+00  0.194576E+08  0.194576E+08  0.194577E+08 -0.466510E+00  0.103472E+08  0.103465E+08  0.190576E+03
  0.149944E-02  0.194052E+08  0.194010E+08  0.254402E+06  0.200331E+06  0.000000E+00  0.194045E+08  0.194045E+08  0.194046E+08 -0.465232E+00  0.103189E+08  0.103181E+08  0.175142E+03
  0.165569E-02  0.193444E+08  0.193402E+08  0.229273E+06 -0.162805E+06  0.000000E+00  0.193438E+08  0.193438E+08  0.193438E+08 -0.463770E+00  0.102866E+08  0.102858E+08  0.158846E+03
  0.182821E-02  0.192752E+08  0.192709E+08  0.181865E+06 -0.133035E+06  0.000000E+00  0.192745E+08  0.192745E+08  0.192745E+08 -0.462107E+00  0.102497E+08  0.102489E+08  0.142505E+03
  0.201872E-02  0.191964E+08  0.191921E+08  0.867728E+05 -0.108655E+06  0.000000E+00  0.191957E+08  0.191957E+08  0.191957E+08 -0.460215E+00  0.102077E+08  0.102069E+08  0.126919E+03
  0.222907E-02  0.191070E+08  0.191027E+08  0.569254E+05 -0.886935E+05  0.000000E+00  0.191063E+08  0.191063E+08  0.191063E+08 -0.458071E+00  0.101601E+08  0.101594E+08  0.112728E+03
  0.246134E-02  0.190059E+08  0.190016E+08  0.663234E+05 -0.723543E+05  0.000000E+00  0.190052E+08  0.190052E+08  0.190052E+08 -0.455645E+00  0.101063E+08  0.101056E+08  0.100396E+03
  0.271782E-02  0.188918E+08  0.188875E+08  0.260479E+05 -0.589836E+05  0.000000E+00  0.188912E+08  0.188912E+08  0.188912E+08 -0.452911E+00  0.100457E+08  0.100449E+08  0.900766E+02
  0.300102E-02  0.187637E+08  0.187591E+08  0.231419E+05 -0.480462E+05  0.000000E+00  0.187630E+08  0.187630E+08  0.187630E+08 -0.449836E+00  0.997747E+07  0.997674E+07  0.814746E+02
  0.331373E-02  0.186200E+08  0.186153E+08  0.125226E+05 -0.391030E+05  0.000000E+00  0.186193E+08  0.186193E+08  0.186193E+08 -0.446391E+00  0.990104E+07  0.990031E+07  0.740347E+02
  0.365902E-02  0.184596E+08  0.184545E+08  0.465177E+04 -0.317937E+05  0.000000E+00  0.184588E+08  0.184588E+08  0.184588E+08 -0.442542E+00  0.981568E+07  0.981494E+07  0.671625E+02
  0.404030E-02  0.182809E+08  0.182756E+08 -0.347009E+04 -0.258232E+05  0.000000E+00  0.182801E+08  0.182801E+08  0.182801E+08 -0.438258E+00  0.972064E+07  0.971991E+07  0.605512E+02
  0.446130E-02  0.180827E+08  0.180770E+08  0.468706E+04 -0.209492E+05  0.000000E+00  0.180818E+08  0.180818E+08  0.180818E+08 -0.433503E+00  0.961519E+07  0.961446E+07  0.543080E+02
  0.492617E-02  0.178634E+08  0.178574E+08  0.636155E+03 -0.169732E+05  0.000000E+00  0.178624E+08  0.178624E+08  0.178624E+08 -0.428244E+00  0.949854E+07  0.949782E+07  0.487361E+02
  0.543949E-02  0.176216E+08  0.176151E+08 -0.352294E+04 -0.137323E+05  0.000000E+00  0.176206E+08  0.176206E+08  0.176206E+08 -0.422446E+00  0.936992E+07  0.936921E+07  0.439238E+02
  0.600629E-02  0.173559E+08  0.173488E+08 -0.933146E+03 -0.110928E+05  0.000000E+00  0.173548E+08  0.173548E+08  0.173548E+08 -0.416073E+00  0.922857E+07  0.922786E+07  0.396322E+02
  0.663215E-02  0.170648E+08  0.170570E+08 -0.256214E+04 -0.894522E+04  0.000000E+00  0.170636E+08  0.170636E+08  0.170636E+08 -0.409091E+00  0.907372E+07  0.907301E+07  0.356425E+02
  0.732323E-02  0.167469E+08  0.167383E+08 -0.159945E+04 -0.719981E+04  0.000000E+00  0.167455E+08  0.167455E+08  0.167455E+08 -0.401466E+00  0.890459E+07  0.890388E+07  0.320342E+02
  0.808633E-02  0.164007E+08  0.163911E+08 -0.212485E+04 -0.578291E+04  0.000000E+00  0.163992E+08  0.163992E+08  0.163992E+08 -0.393163E+00  0.872042E+07  0.871972E+07  0.288731E+02
  0.892893E-02  0.160248E+08  0.160140E+08 -0.189601E+04 -0.463418E+04  0.000000E+00  0.160231E+08  0.160231E+08  0.160231E+08 -0.384147E+00  0.852044E+07  0.851975E+07  0.260216E+02
  0.985934E-02  0.156178E+08  0.156056E+08 -0.130623E+04 -0.370422E+04  0.000000E+00  0.156159E+08  0.156159E+08  0.156159E+08 -0.374384E+00  0.830391E+07  0.830322E+07  0.234513E+02
  0.108867E-01  0.151784E+08  0.151645E+08 -0.124404E+04 -0.295254E+04  0.000000E+00  0.151762E+08  0.151762E+08  0.151762E+08 -0.363842E+00  0.807009E+07  0.806940E+07  0.211801E+02
  0.120211E-01  0.147051E+08  0.146893E+08 -0.135184E+04 -0.234602E+04  0.000000E+00  0.147026E+08  0.147026E+08  0.147026E+08 -0.352488E+00  0.781825E+07  0.781756E+07  0.191411E+02
  0.132737E-01  0.141968E+08  0.141787E+08 -0.829458E+03 -0.185757E+04  0.000000E+00  0.141939E+08  0.141939E+08  0.141939E+08 -0.340293E+00  0.754776E+07  0.754708E+07  0.173320E+02
  0.146569E-01  0.136524E+08  0.136318E+08 -0.957731E+03 -0.146505E+04  0.000000E+00  0.136492E+08  0.136492E+08  0.136492E+08 -0.327233E+00  0.725809E+07  0.725740E+07  0.157150E+02
  0.161841E-01  0.130714E+08  0.130479E+08 -0.938753E+03 -0.115041E+04  0.000000E+00  0.130678E+08  0.130678E+08  0.130678E+08 -0.313293E+00  0.694891E+07  0.694822E+07  0.142721E+02
  0.178705E-01  0.124722E+08  0.124454E+08 -0.538268E+03 -0.900233E+03  0.000000E+00  0.124680E+08  0.124680E+08  0.124680E+08 -0.298914E+00  0.662998E+07  0.662928E+07  0.129888E+02
  0.197327E-01  0.118219E+08  0.117916E+08 -0.521824E+03 -0.699806E+03  0.000000E+00  0.118171E+08  0.118171E+08  0.118171E+08 -0.283310E+00  0.628388E+07  0.628319E+07  0.118149E+02
  0.217888E-01  0.111387E+08  0.111048E+08 -0.268539E+03 -0.540756E+03  0.000000E+00  0.111334E+08  0.111334E+08  0.111334E+08 -0.266917E+00  0.592030E+07  0.591960E+07  0.107378E+02
  0.240593E-01  0.104141E+08  0.103766E+08 -0.297466E+03 -0.414631E+03  0.000000E+00  0.104083E+08  0.104083E+08  0.104083E+08 -0.249533E+00  0.553472E+07  0.553402E+07  0.972571E+01
  0.265663E-01  0.967936E+07  0.963835E+07 -0.215376E+03 -0.316047E+03  0.000000E+00  0.967295E+07  0.967295E+07  0.967295E+07 -0.231904E+00  0.514372E+07  0.514302E+07  0.876731E+01
  0.293345E-01  0.894132E+07  0.889742E+07 -0.157899E+03 -0.239426E+03  0.000000E+00  0.893446E+07  0.893446E+07  0.893446E+07 -0.214199E+00  0.475102E+07  0.475033E+07  0.783591E+01
  0.323912E-01  0.819690E+07  0.815104E+07 -0.136817E+03 -0.180004E+03  0.000000E+00  0.818973E+07  0.818973E+07  0.818973E+07 -0.196345E+00  0.435501E+07  0.435434E+07  0.690726E+01
  0.357664E-01  0.747602E+07  0.742956E+07 -0.846668E+02 -0.134638E+03  0.000000E+00  0.746876E+07  0.746876E+07  0.746876E+07 -0.179060E+00  0.397163E+07  0.397099E+07  0.597544E+01
  0.394933E-01  0.679561E+07  0.675033E+07 -0.725351E+02 -0.100370E+03  0.000000E+00  0.678854E+07  0.678854E+07  0.678854E+07 -0.162752E+00  0.360991E+07  0.360931E+07  0.503931E+01
  0.436086E-01  0.617463E+07  0.613255E+07 -0.720120E+02 -0.747958E+02  0.000000E+00  0.616806E+07  0.616806E+07  0.616806E+07 -0.147876E+00  0.327996E+07  0.327942E+07  0.411328E+01
  0.479695E-01  0.564472E+07  0.560760E+07  0.918292E+02 -0.565111E+02  0.000000E+00  0.563892E+07  0.563892E+07  0.563892E+07 -0.135190E+00  0.299858E+07  0.299811E+07  0.326062E+01
  0.523303E-01  0.522686E+07  0.519550E+07  0.714585E+02 -0.439730E+02  0.000000E+00  0.522196E+07  0.522196E+07  0.522196E+07 -0.125194E+00  0.277685E+07  0.277645E+07  0.254991E+01
  0.566912E-01  0.488687E+07  0.486127E+07  0.569358E+02 -0.350343E+02  0.000000E+00  0.488287E+07  0.488287E+07  0.488287E+07 -0.117064E+00  0.259653E+07  0.259619E+07  0.198367E+01
  0.610520E-01  0.459951E+07  0.457895E+07  0.462128E+02 -0.284346E+02  0.000000E+00  0.459630E+07  0.459630E+07  0.459630E+07 -0.110194E+00  0.244413E+07  0.244385E+07  0.155750E+01
  0.654129E-01  0.434236E+07  0.432566E+07  0.380105E+02 -0.233868E+02  0.000000E+00  0.433975E+07  0.433975E+07  0.433975E+07 -0.104043E+00  0.230771E+07  0.230746E+07  0.125749E+01
  0.697738E-01  0.409914E+07  0.408489E+07  0.315386E+02 -0.194045E+02  0.000000E+00  0.409691E+07  0.409691E+07  0.409691E+07 -0.982215E-01  0.217858E+07  0.217835E+07  0.106273E+01
  0.741346E-01  0.386016E+07  0.384698E+07  0.263088E+02 -0.161868E+02  0.000000E+00  0.385810E+07  0.385810E+07  0.385810E+07 -0.924961E-01  0.205159E+07  0.205137E+07  0.948064E+00
  0.784955E-01  0.362845E+07  0.361520E+07  0.220570E+02 -0.135712E+02  0.000000E+00  0.362638E+07  0.362638E+07  0.362638E+07 -0.869406E-01  0.192837E+07  0.192816E+07  0.888467E+00
  0.828563E-01  0.339499E+07  0.338094E+07  0.185208E+02 -0.113959E+02  0.000000E+00  0.339280E+07  0.339280E+07  0.339280E+07 -0.813406E-01  0.180416E+07  0.180395E+07  0.857589E+00
  0.872172E-01  0.317033E+07  0.315516E+07  0.156069E+02 -0.960337E+01  0.000000E+00  0.316796E+07  0.316796E+07  0.316796E+07 -0.759501E-01  0.168460E+07  0.168438E+07  0.836496E+00
  0.915781E-01  0.296030E+07  0.294411E+07  0.132163E+02 -0.813278E+01  0.000000E+00  0.295777E+07  0.295777E+07  0.295777E+07 -0.709111E-01  0.157284E+07  0.157261E+07  0.810911E+00
  0.970117E-01  0.272702E+07  0.271017E+07  0.108477E+02 -0.667552E+01  0.000000E+00  0.272438E+07  0.272438E+07  0.272438E+07 -0.653157E-01  0.144873E+07  0.144851E+07  0.761026E+00
  0.102445E+00  0.253202E+07  0.251548E+07  0.903137E+01 -0.555786E+01  0.000000E+00  0.252944E+07  0.252944E+07  0.252944E+07 -0.606420E-01  0.134507E+07  0.134485E+07  0.688457E+00
  0.107879E+00  0.237686E+07  0.236156E+07  0.764558E+01 -0.470499E+01  0.000000E+00  0.237447E+07  0.237447E+07  0.237447E+07 -0.569266E-01  0.126266E+07  0.126246E+07  0.599552E+00
  0.113312E+00  0.225546E+07  0.224208E+07  0.657666E+01 -0.404703E+01  0.000000E+00  0.225337E+07  0.225337E+07  0.225337E+07 -0.540235E-01  0.119826E+07  0.119809E+07  0.505671E+00
  0.118746E+00  0.215682E+07  0.214559E+07  0.572748E+01 -0.352428E+01  0.000000E+00  0.215507E+07  0.215507E+07  0.215507E+07 -0.516666E-01  0.114598E+07  0.114583E+07  0.418727E+00
  0.124180E+00  0.206949E+07  0.206019E+07  0.502587E+01 -0.309242E+01  0.000000E+00  0.206804E+07  0.206804E+07  0.206804E+07 -0.495802E-01  0.109970E+07  0.109957E+07  0.347852E+00
  0.129613E+00  0.198438E+07  0.197649E+07  0.442404E+01 -0.272202E+01  0.000000E+00  0.198315E+07  0.198315E+07  0.198315E+07 -0.475451E-01  0.105456E+07  0.105445E+07  0.297508E+00
  0.135047E+00  0.189579E+07  0.188863E+07  0.389341E+01 -0.239551E+01  0.000000E+00  0.189467E+07  0.189467E+07  0.189467E+07 -0.454238E-01  0.100751E+07  0.100740E+07  0.267192E+00
  0.140480E+00  0.180203E+07  0.179496E+07  0.341998E+01 -0.210426E+01  0.000000E+00  0.180092E+07  0.180092E+07  0.180092E+07 -0.431762E-01  0.957660E+06  0.957554E+06  0.252537E+00
  0.145914E+00  0.170515E+07  0.169775E+07  0.299935E+01 -0.184551E+01  0.000000E+00  0.170400E+07  0.170400E+07  0.170400E+07 -0.408525E-01  0.906120E+06  0.906012E+06  0.247158E+00
  0.151348E+00  0.160942E+07  0.160150E+07  0.263103E+01 -0.161895E+01  0.000000E+00  0.160819E+07  0.160819E+07  0.160819E+07 -0.385554E-01  0.855173E+06  0.855062E+06  0.244545E+00
  0.156781E+00  0.151959E+07  0.151124E+07  0.231471E+01 -0.142436E+01  0.000000E+00  0.151828E+07  0.151828E+07  0.151828E+07 -0.364001E-01  0.807368E+06  0.807255E+06  0.239586E+00
  0.162215E+00  0.143981E+07  0.143131E+07  0.204855E+01 -0.126061E+01  0.000000E+00  0.143848E+07  0.143848E+07  0.143848E+07 -0.344868E-01  0.764931E+06  0.764819E+06  0.229452E+00
  0.167648E+00  0.137250E+07  0.136421E+07  0.182822E+01 -0.112503E+01  0.000000E+00  0.137121E+07  0.137121E+07  0.137121E+07 -0.328740E-01  0.729159E+06  0.729051E+06  0.213720E+00
  0.173082E+00  0.131745E+07  0.130969E+07  0.164649E+01 -0.101319E+01  0.000000E+00  0.131624E+07  0.131624E+07  0.131624E+07 -0.315562E-01  0.699929E+06  0.699829E+06  0.193865E+00
  0.178516E+00  0.127207E+07  0.126506E+07  0.149458E+01 -0.919683E+00  0.000000E+00  0.127098E+07  0.127098E+07  0.127098E+07 -0.304710E-01  0.675858E+06  0.675766E+06  0.172421E+00
  0.183949E+00  0.123276E+07  0.122655E+07  0.136422E+01 -0.839438E+00  0.000000E+00  0.123179E+07  0.123179E+07  0.123179E+07 -0.295316E-01  0.655020E+06  0.654936E+06  0.152099E+00
  0.189383E+00  0.119602E+07  0.119052E+07  0.124881E+01 -0.768400E+00  0.000000E+00  0.119516E+07  0.119516E+07  0.119516E+07 -0.286534E-01  0.635541E+06  0.635464E+06  0.135046E+00
  0.194816E+00  0.115895E+07  0.115396E+07  0.114361E+01 -0.703658E+00  0.000000E+00  0.115817E+07  0.115817E+07  0.115817E+07 -0.277666E-01  0.615872E+06  0.615801E+06  0.122392E+00
  0.200250E+00  0.111976E+07  0.111504E+07  0.104580E+01 -0.643475E+00  0.000000E+00  0.111902E+07  0.111902E+07  0.111902E+07 -0.268280E-01  0.595052E+06  0.594984E+06  0.114153E+00
  0.205684E+00  0.107819E+07  0.107352E+07  0.954454E+00 -0.587275E+00  0.000000E+00  0.107746E+07  0.107746E+07  0.107746E+07 -0.258315E-01  0.572951E+06  0.572884E+06  0.109444E+00
  0.211117E+00  0.103535E+07  0.103059E+07  0.869916E+00 -0.535269E+00  0.000000E+00  0.103461E+07  0.103461E+07  0.103461E+07 -0.248042E-01  0.550165E+06  0.550098E+06  0.106864E+00
  0.216551E+00  0.993029E+06  0.988116E+06  0.792955E+00 -0.487926E+00  0.000000E+00  0.992261E+06  0.992261E+06  0.992261E+06 -0.237890E-01  0.527647E+06  0.527579E+06  0.104928E+00
  0.221984E+00  0.953007E+06  0.947981E+06  0.724152E+00 -0.445600E+00  0.000000E+00  0.952222E+06  0.952222E+06  0.952222E+06 -0.228290E-01  0.506356E+06  0.506288E+06  0.102428E+00
  0.227418E+00  0.916708E+06  0.911668E+06  0.663653E+00 -0.408378E+00  0.000000E+00  0.915920E+06  0.915920E+06  0.915920E+06 -0.219587E-01  0.487053E+06  0.486985E+06  0.986657E-01
  0.232852E+00  0.884873E+06  0.879945E+06  0.611050E+00 -0.376010E+00  0.000000E+00  0.884103E+06  0.884103E+06  0.884103E+06 -0.211959E-01  0.470134E+06  0.470068E+06  0.935046E-01
  0.238285E+00  0.857400E+06  0.852698E+06  0.565394E+00 -0.347913E+00  0.000000E+00  0.856665E+06  0.856665E+06  0.856665E+06 -0.205381E-01  0.455543E+06  0.455480E+06  0.872784E-01
  0.243719E+00  0.833487E+06  0.829087E+06  0.525413E+00 -0.323305E+00  0.000000E+00  0.832800E+06  0.832800E+06  0.832800E+06 -0.199660E-01  0.442852E+06  0.442793E+06  0.806063E-01
  0.249152E+00  0.811962E+06  0.807884E+06  0.489787E+00 -0.301378E+00  0.000000E+00  0.811325E+06  0.811325E+06  0.811325E+06 -0.194511E-01  0.431432E+06  0.431377E+06  0.741764E-01
  0.254586E+00  0.791545E+06  0.787758E+06  0.457329E+00 -0.281401E+00  0.000000E+00  0.790953E+06  0.790953E+06  0.790953E+06 -0.189627E-01  0.420599E+06  0.420547E+06  0.685534E-01
  0.260020E+00  0.771111E+06  0.767547E+06  0.427110E+00 -0.262805E+00  0.000000E+00  0.770554E+06  0.770554E+06  0.770554E+06 -0.184736E-01  0.409751E+06  0.409701E+06  0.640568E-01
  0.265453E+00  0.750002E+06  0.746577E+06  0.398590E+00 -0.245256E+00  0.000000E+00  0.749467E+06  0.749467E+06  0.749467E+06 -0.179681E-01  0.398538E+06  0.398489E+06  0.607302E-01
  0.270887E+00  0.728183E+06  0.724818E+06  0.371621E+00 -0.228662E+00  0.000000E+00  0.727657E+06  0.727657E+06  0.727657E+06 -0.174452E-01  0.386940E+06  0.386893E+06  0.583826E-01
  0.276320E+00  0.706070E+06  0.702712E+06  0.346294E+00 -0.213081E+00  0.000000E+00  0.705545E+06  0.705545E+06  0.705545E+06 -0.169151E-01  0.375182E+06  0.375135E+06  0.566742E-01
  0.281754E+00  0.684245E+06  0.680870E+06  0.322760E+00 -0.198602E+00  0.000000E+00  0.683717E+06  0.683717E+06  0.683717E+06 -0.163918E-01  0.363575E+06  0.363528E+06  0.552198E-01
  0.287188E+00  0.663291E+06  0.659908E+06  0.301139E+00 -0.185300E+00  0.000000E+00  0.662763E+06  0.662763E+06  0.662763E+06 -0.158894E-01  0.352432E+06  0.352386E+06  0.536896E-01
  0.292621E+00  0.643736E+06  0.640375E+06  0.281501E+00 -0.173218E+00  0.000000E+00  0.643211E+06  0.643211E+06  0.643211E+06 -0.154207E-01  0.342036E+06  0.341990E+06  0.518777E-01
  0.298055E+00  0.625918E+06  0.622622E+06  0.263819E+00 -0.162338E+00  0.000000E+00  0.625403E+06  0.625403E+06  0.625403E+06 -0.149937E-01  0.332566E+06  0.332522E+06  0.497247E-01
  0.303488E+00  0.609853E+06  0.606661E+06  0.247927E+00 -0.152558E+00  0.000000E+00  0.609354E+06  0.609354E+06  0.609354E+06 -0.146090E-01  0.324032E+06  0.323989E+06  0.472975E-01
  0.308922E+00  0.595247E+06  0.592187E+06  0.233556E+00 -0.143714E+00  0.000000E+00  0.594769E+06  0.594769E+06  0.594769E+06 -0.142593E-01  0.316276E+06  0.316234E+06  0.447461E-01
  0.314356E+00  0.581668E+06  0.578749E+06  0.220412E+00 -0.135625E+00  0.000000E+00  0.581212E+06  0.581212E+06  0.581212E+06 -0.139343E-01  0.309066E+06  0.309027E+06  0.422506E-01
  0.319789E+00  0.568687E+06  0.565901E+06  0.208237E+00 -0.128132E+00  0.000000E+00  0.568251E+06  0.568251E+06  0.568251E+06 -0.136235E-01  0.302175E+06  0.302136E+06  0.399707E-01
  0.325223E+00  0.555939E+06  0.553264E+06  0.196827E+00 -0.121111E+00  0.000000E+00  0.555521E+06  0.555521E+06  0.555521E+06 -0.133183E-01  0.295405E+06  0.295368E+06  0.380077E-01
  0.330656E+00  0.543165E+06  0.540571E+06  0.186037E+00 -0.114472E+00  0.000000E+00  0.542760E+06  0.542760E+06  0.542760E+06 -0.130124E-01  0.288619E+06  0.288583E+06  0.363889E-01
  0.336090E+00  0.530272E+06  0.527731E+06  0.175796E+00 -0.108170E+00  0.000000E+00  0.529875E+06  0.529875E+06  0.529875E+06 -0.127035E-01  0.281767E+06  0.281732E+06  0.350745E-01
  0.341524E+00  0.517355E+06  0.514846E+06  0.166097E+00 -0.102203E+00  0.000000E+00  0.516963E+06  0.516963E+06  0.516963E+06 -0.123939E-01  0.274901E+06  0.274867E+06  0.339797E-01
  0.346957E+00  0.504627E+06  0.502140E+06  0.156974E+00 -0.965898E-01  0.000000E+00  0.504239E+06  0.504239E+06  0.504239E+06 -0.120889E-01  0.268135E+06  0.268101E+06  0.330018E-01
  0.352391E+00  0.492314E+06  0.489847E+06  0.148455E+00 -0.913483E-01  0.000000E+00  0.491928E+06  0.491928E+06  0.491928E+06 -0.117937E-01  0.261589E+06  0.261555E+06  0.320460E-01
  0.357825E+00  0.480588E+06  0.478150E+06  0.140549E+00 -0.864842E-01  0.000000E+00  0.480207E+06  0.480207E+06  0.480207E+06 -0.115127E-01  0.255356E+06  0.255323E+06  0.310459E-01
  0.363258E+00  0.469556E+06  0.467160E+06  0.133245E+00 -0.819897E-01  0.000000E+00  0.469181E+06  0.469181E+06  0.469181E+06 -0.112484E-01  0.249493E+06  0.249460E+06  0.299733E-01
  0.368692E+00  0.459244E+06  0.456903E+06  0.126506E+00 -0.778430E-01  0.000000E+00  0.458878E+06  0.458878E+06  0.458878E+06 -0.110014E-01  0.244014E+06  0.243982E+06  0.288369E-01
  0.374125E+00  0.449587E+06  0.447312E+06  0.120276E+00 -0.740089E-01  0.000000E+00  0.449231E+06  0.449231E+06  0.449231E+06 -0.107701E-01  0.238884E+06  0.238853E+06  0.276719E-01
  0.379559E+00  0.440447E+06  0.438242E+06  0.114482E+00 -0.704440E-01  0.000000E+00  0.440103E+06  0.440103E+06  0.440103E+06 -0.105512E-01  0.234030E+06  0.234000E+06  0.265255E-01
  0.384993E+00  0.431667E+06  0.429530E+06  0.109057E+00 -0.671051E-01  0.000000E+00  0.431333E+06  0.431333E+06  0.431333E+06 -0.103410E-01  0.229367E+06  0.229337E+06  0.254431E-01
  0.390426E+00  0.423111E+06  0.421035E+06  0.103941E+00 -0.639573E-01  0.000000E+00  0.422786E+06  0.422786E+06  0.422786E+06 -0.101361E-01  0.224822E+06  0.224793E+06  0.244570E-01
  0.395860E+00  0.414682E+06  0.412657E+06  0.990935E-01 -0.609744E-01  0.000000E+00  0.414365E+06  0.414365E+06  0.414365E+06 -0.993420E-02  0.220344E+06  0.220316E+06  0.235808E-01
  0.401293E+00  0.406327E+06  0.404343E+06  0.944854E-01 -0.581389E-01  0.000000E+00  0.406017E+06  0.406017E+06  0.406017E+06 -0.973405E-02  0.215904E+06  0.215877E+06  0.228083E-01
  0.406727E+00  0.398053E+06  0.396101E+06  0.901045E-01 -0.554433E-01  0.000000E+00  0.397748E+06  0.397748E+06  0.397748E+06 -0.953581E-02  0.211507E+06  0.211480E+06  0.221190E-01
  0.412161E+00  0.389916E+06  0.387991E+06  0.859502E-01 -0.528872E-01  0.000000E+00  0.389616E+06  0.389616E+06  0.389616E+06 -0.934083E-02  0.207183E+06  0.207156E+06  0.214849E-01
  0.417594E+00  0.381996E+06  0.380096E+06  0.820266E-01 -0.504731E-01  0.000000E+00  0.381699E+06  0.381699E+06  0.381699E+06 -0.915104E-02  0.202973E+06  0.202947E+06  0.208784E-01
  0.423028E+00  0.374352E+06  0.372479E+06  0.783330E-01 -0.482004E-01  0.000000E+00  0.374059E+06  0.374059E+06  0.374059E+06 -0.896787E-02  0.198910E+06  0.198885E+06  0.202775E-01
  0.428461E+00  0.367016E+06  0.365173E+06  0.748623E-01 -0.460648E-01  0.000000E+00  0.366728E+06  0.366728E+06  0.366728E+06 -0.879212E-02  0.195012E+06  0.194987E+06  0.196701E-01
  0.433895E+00  0.360004E+06  0.358195E+06  0.716043E-01 -0.440601E-01  0.000000E+00  0.359721E+06  0.359721E+06  0.359721E+06 -0.862413E-02  0.191286E+06  0.191261E+06  0.190543E-01
  0.439328E+00  0.353310E+06  0.351539E+06  0.685455E-01 -0.421779E-01  0.000000E+00  0.353033E+06  0.353033E+06  0.353033E+06 -0.846379E-02  0.187730E+06  0.187705E+06  0.184374E-01
  0.444762E+00  0.346897E+06  0.345165E+06  0.656672E-01 -0.404067E-01  0.000000E+00  0.346626E+06  0.346626E+06  0.346626E+06 -0.831018E-02  0.184323E+06  0.184299E+06  0.178311E-01
  0.450196E+00  0.340703E+06  0.339010E+06  0.629476E-01 -0.387332E-01  0.000000E+00  0.340438E+06  0.340438E+06  0.340438E+06 -0.816184E-02  0.181032E+06  0.181009E+06  0.172478E-01
  0.455629E+00  0.334673E+06  0.333018E+06  0.603678E-01 -0.371457E-01  0.000000E+00  0.334415E+06  0.334415E+06  0.334415E+06 -0.801742E-02  0.177829E+06  0.177806E+06  0.166976E-01
  0.461063E+00  0.328775E+06  0.327153E+06  0.579145E-01 -0.356362E-01  0.000000E+00  0.328522E+06  0.328522E+06  0.328522E+06 -0.787614E-02  0.174695E+06  0.174673E+06  0.161860E-01
  0.466496E+00  0.322990E+06  0.321398E+06  0.555778E-01 -0.341983E-01  0.000000E+00  0.322741E+06  0.322741E+06  0.322741E+06 -0.773756E-02  0.171622E+06  0.171600E+06  0.157133E-01
  0.471930E+00  0.317305E+06  0.315739E+06  0.533494E-01 -0.328272E-01  0.000000E+00  0.317060E+06  0.317060E+06  0.317060E+06 -0.760135E-02  0.168601E+06  0.168579E+06  0.152747E-01
  0.477364E+00  0.311721E+06  0.310179E+06  0.512242E-01 -0.315195E-01  0.000000E+00  0.311480E+06  0.311480E+06  0.311480E+06 -0.746758E-02  0.165633E+06  0.165612E+06  0.148627E-01
  0.482797E+00  0.306262E+06  0.304742E+06  0.492005E-01 -0.302743E-01  0.000000E+00  0.306024E+06  0.306024E+06  0.306024E+06 -0.733678E-02  0.162732E+06  0.162711E+06  0.144692E-01
  0.488231E+00  0.300954E+06  0.299457E+06  0.472775E-01 -0.290911E-01  0.000000E+00  0.300720E+06  0.300720E+06  0.300720E+06 -0.720961E-02  0.159912E+06  0.159891E+06  0.140872E-01
  0.493665E+00  0.295813E+06  0.294338E+06  0.454525E-01 -0.279681E-01  0.000000E+00  0.295582E+06  0.295582E+06  0.295582E+06 -0.708644E-02  0.157180E+06  0.157159E+06  0.137119E-01
  0.499098E+00  0.290837E+06  0.289387E+06  0.437202E-01 -0.269022E-01  0.000000E+00  0.290611E+06  0.290611E+06  0.290611E+06 -0.696725E-02  0.154536E+06  0.154516E+06  0.133410E-01
  0.504532E+00  0.286023E+06  0.284597E+06  0.420754E-01 -0.258901E-01  0.000000E+00  0.285800E+06  0.285800E+06  0.285800E+06 -0.685192E-02  0.151978E+06  0.151958E+06  0.129751E-01
  0.509965E+00  0.281364E+06  0.279963E+06  0.405128E-01 -0.249285E-01  0.000000E+00  0.281145E+06  0.281145E+06  0.281145E+06 -0.674031E-02  0.149502E+06  0.149483E+06  0.126169E-01
  0.515399E+00  0.276846E+06  0.275470E+06  0.390263E-01 -0.240139E-01  0.000000E+00  0.276631E+06  0.276631E+06  0.276631E+06 -0.663210E-02  0.147102E+06  0.147083E+06  0.122697E-01
  0.520833E+00  0.272448E+06  0.271097E+06  0.376092E-01 -0.231419E-01  0.000000E+00  0.272237E+06  0.272237E+06  0.272237E+06 -0.652675E-02  0.144765E+06  0.144747E+06  0.119362E-01
  0.526266E+00  0.268150E+06  0.266821E+06  0.362554E-01 -0.223089E-01  0.000000E+00  0.267942E+06  0.267942E+06  0.267942E+06 -0.642377E-02  0.142481E+06  0.142463E+06  0.116183E-01
  0.531700E+00  0.263940E+06  0.262633E+06  0.349606E-01 -0.215121E-01  0.000000E+00  0.263736E+06  0.263736E+06  0.263736E+06 -0.632293E-02  0.140245E+06  0.140227E+06  0.113166E-01
  0.537133E+00  0.259817E+06  0.258531E+06  0.337218E-01 -0.207498E-01  0.000000E+00  0.259616E+06  0.259616E+06  0.259616E+06 -0.622416E-02  0.138054E+06  0.138036E+06  0.110302E-01
  0.542567E+00  0.255780E+06  0.254512E+06  0.325361E-01 -0.200203E-01  0.000000E+00  0.255582E+06  0.255582E+06  0.255582E+06 -0.612744E-02  0.135909E+06  0.135891E+06  0.107573E-01
  0.548001E+00  0.251827E+06  0.250578E+06  0.314012E-01 -0.193219E-01  0.000000E+00  0.251632E+06  0.251632E+06  0.251632E+06 -0.603274E-02  0.133808E+06  0.133791E+06  0.104954E-01
  0.553434E+00  0.247963E+06  0.246732E+06  0.303152E-01 -0.186537E-01  0.000000E+00  0.247770E+06  0.247770E+06  0.247770E+06 -0.594017E-02  0.131755E+06  0.131738E+06  0.102422E-01
  0.558868E+00  0.244195E+06  0.242982E+06  0.292769E-01 -0.180148E-01  0.000000E+00  0.244006E+06  0.244006E+06  0.244006E+06 -0.584991E-02  0.129753E+06  0.129736E+06  0.999593E-02
  0.564301E+00  0.240528E+06  0.239332E+06  0.282845E-01 -0.174042E-01  0.000000E+00  0.240341E+06  0.240341E+06  0.240341E+06 -0.576206E-02  0.127804E+06  0.127788E+06  0.975546E-02
  0.569735E+00  0.236958E+06  0.235780E+06  0.273357E-01 -0.168204E-01  0.000000E+00  0.236774E+06  0.236774E+06  0.236774E+06 -0.567653E-02  0.125907E+06  0.125891E+06  0.952039E-02
  0.575169E+00  0.233478E+06  0.232318E+06  0.264278E-01 -0.162617E-01  0.000000E+00  0.233297E+06  0.233297E+06  0.233297E+06 -0.559317E-02  0.124058E+06  0.124042E+06  0.929095E-02
  0.580602E+00  0.230085E+06  0.228943E+06  0.255586E-01 -0.157269E-01  0.000000E+00  0.229907E+06  0.229907E+06  0.229907E+06 -0.551190E-02  0.122256E+06  0.122240E+06  0.906782E-02
  0.593055E+00  0.222616E+06  0.221512E+06  0.237013E-01 -0.145840E-01  0.000000E+00  0.222444E+06  0.222444E+06  0.222444E+06 -0.533298E-02  0.118287E+06  0.118272E+06  0.858376E-02
  0.628988E+00  0.202960E+06  0.201953E+06  0.192102E-01 -0.118206E-01  0.000000E+00  0.202803E+06  0.202803E+06  0.202803E+06 -0.486210E-02  0.107843E+06  0.107829E+06  0.739359E-02
  0.667097E+00  0.184988E+06  0.184071E+06  0.155658E-01 -0.957806E-02  0.000000E+00  0.184845E+06  0.184845E+06  0.184845E+06 -0.443156E-02  0.982935E+05  0.982808E+05  0.635876E-02
  0.931008E+00  0.108431E+06  0.107893E+06  0.468438E-02 -0.288243E-02  0.000000E+00  0.108347E+06  0.108347E+06  0.108347E+06 -0.259757E-02  0.576150E+05  0.576075E+05  0.270247E-02
  0.129933E+01  0.627635E+05  0.624521E+05  0.139210E-02 -0.856609E-03  0.000000E+00  0.627148E+05  0.627148E+05  0.627148E+05 -0.150356E-02  0.333494E+05  0.333449E+05  0.114695E-02
  0.181336E+01  0.359394E+05  0.357609E+05  0.409261E-03 -0.251836E-03  0.000000E+00  0.359115E+05  0.359115E+05  0.359115E+05 -0.860960E-03  0.190964E+05  0.190937E+05  0.491684E-03
  0.253074E+01  0.203893E+05  0.202878E+05  0.119204E-03 -0.733540E-04  0.000000E+00  0.203735E+05  0.203735E+05  0.203735E+05 -0.488444E-03  0.108339E+05  0.108322E+05  0.216646E-03
