  0.767417E-05  0.162590E+08  0.162590E+08  0.216671E+08  0.216667E+08  0.000000E+00  0.162590E+08  0.162590E+08  0.162653E+08 -0.390314E+00  0.547881E+07  0.547881E+07  0.571717E+01
  0.847558E-05  0.162590E+08  0.162590E+08  0.216645E+08  0.216641E+08  0.000000E+00  0.162590E+08  0.162590E+08  0.162653E+08 -0.390314E+00  0.547880E+07  0.547880E+07  0.631402E+01
  0.936069E-05  0.162590E+08  0.162590E+08  0.216614E+08  0.216609E+08  0.000000E+00  0.162590E+08  0.162590E+08  0.162653E+08 -0.390313E+00  0.547880E+07  0.547880E+07  0.697314E+01
  0.103382E-04  0.162590E+08  0.162590E+08  0.216576E+08  0.216570E+08  0.000000E+00  0.162590E+08  0.162590E+08  0.162653E+08 -0.390313E+00  0.547880E+07  0.547880E+07  0.770099E+01
  0.114179E-04  0.162590E+08  0.162590E+08  0.216530E+08  0.216522E+08  0.000000E+00  0.162590E+08  0.162590E+08  0.162653E+08 -0.390313E+00  0.547880E+07  0.547880E+07  0.850474E+01
  0.126102E-04  0.162590E+08  0.162590E+08  0.216473E+08  0.216463E+08  0.000000E+00  0.162590E+08  0.162590E+08  0.162653E+08 -0.390312E+00  0.547879E+07  0.547879E+07  0.939225E+01
  0.139271E-04  0.162590E+08  0.162590E+08  0.216404E+08  0.216392E+08  0.000000E+00  0.162590E+08  0.162590E+08  0.162653E+08 -0.390312E+00  0.547879E+07  0.547879E+07  0.103722E+02
  0.153815E-04  0.162590E+08  0.162590E+08  0.216320E+08  0.216305E+08  0.000000E+00  0.162590E+08  0.162590E+08  0.162653E+08 -0.390311E+00  0.547878E+07  0.547878E+07  0.114543E+02
  0.169878E-04  0.162589E+08  0.162589E+08  0.216218E+08  0.216199E+08  0.000000E+00  0.162589E+08  0.162589E+08  0.162652E+08 -0.390311E+00  0.547877E+07  0.547877E+07  0.126489E+02
  0.187619E-04  0.162589E+08  0.162589E+08  0.216093E+08  0.216070E+08  0.000000E+00  0.162589E+08  0.162589E+08  0.162652E+08 -0.390310E+00  0.547876E+07  0.547876E+07  0.139677E+02
  0.207212E-04  0.162589E+08  0.162589E+08  0.215940E+08  0.215913E+08  0.000000E+00  0.162589E+08  0.162589E+08  0.162652E+08 -0.390309E+00  0.547875E+07  0.547875E+07  0.154235E+02
  0.228851E-04  0.162588E+08  0.162588E+08  0.215754E+08  0.215721E+08  0.000000E+00  0.162588E+08  0.162588E+08  0.162651E+08 -0.390308E+00  0.547874E+07  0.547874E+07  0.170304E+02
  0.252750E-04  0.162588E+08  0.162588E+08  0.215528E+08  0.215488E+08  0.000000E+00  0.162588E+08  0.162588E+08  0.162651E+08 -0.390306E+00  0.547872E+07  0.547872E+07  0.188038E+02
  0.279144E-04  0.162587E+08  0.162587E+08  0.215252E+08  0.215203E+08  0.000000E+00  0.162587E+08  0.162587E+08  0.162650E+08 -0.390304E+00  0.547870E+07  0.547870E+07  0.207606E+02
  0.308296E-04  0.162587E+08  0.162587E+08  0.214916E+08  0.214856E+08  0.000000E+00  0.162587E+08  0.162587E+08  0.162649E+08 -0.390302E+00  0.547868E+07  0.547867E+07  0.229194E+02
  0.340491E-04  0.162586E+08  0.162586E+08  0.214506E+08  0.214434E+08  0.000000E+00  0.162586E+08  0.162586E+08  0.162648E+08 -0.390299E+00  0.547865E+07  0.547864E+07  0.253003E+02
  0.376048E-04  0.162585E+08  0.162585E+08  0.214008E+08  0.213920E+08  0.000000E+00  0.162585E+08  0.162585E+08  0.162647E+08 -0.390296E+00  0.547861E+07  0.547861E+07  0.279257E+02
  0.415319E-04  0.162583E+08  0.162583E+08  0.213401E+08  0.213294E+08  0.000000E+00  0.162583E+08  0.162583E+08  0.162646E+08 -0.390292E+00  0.547856E+07  0.547856E+07  0.308193E+02
  0.458691E-04  0.162582E+08  0.162582E+08  0.212663E+08  0.212533E+08  0.000000E+00  0.162582E+08  0.162582E+08  0.162644E+08 -0.390287E+00  0.547851E+07  0.547850E+07  0.340074E+02
  0.506592E-04  0.162580E+08  0.162580E+08  0.211766E+08  0.211608E+08  0.000000E+00  0.162580E+08  0.162580E+08  0.162641E+08 -0.390281E+00  0.547844E+07  0.547844E+07  0.375178E+02
  0.559496E-04  0.162578E+08  0.162577E+08  0.210677E+08  0.210484E+08  0.000000E+00  0.162577E+08  0.162577E+08  0.162639E+08 -0.390273E+00  0.547836E+07  0.547835E+07  0.413808E+02
  0.617924E-04  0.162575E+08  0.162574E+08  0.209355E+08  0.209121E+08  0.000000E+00  0.162575E+08  0.162575E+08  0.162636E+08 -0.390264E+00  0.547826E+07  0.547825E+07  0.456282E+02
  0.682454E-04  0.162571E+08  0.162571E+08  0.207753E+08  0.207469E+08  0.000000E+00  0.162571E+08  0.162571E+08  0.162632E+08 -0.390253E+00  0.547814E+07  0.547813E+07  0.502937E+02
  0.753723E-04  0.162567E+08  0.162566E+08  0.205813E+08  0.205469E+08  0.000000E+00  0.162567E+08  0.162567E+08  0.162627E+08 -0.390239E+00  0.547799E+07  0.547797E+07  0.554123E+02
  0.832435E-04  0.162562E+08  0.162561E+08  0.203469E+08  0.203053E+08  0.000000E+00  0.162562E+08  0.162562E+08  0.162621E+08 -0.390223E+00  0.547781E+07  0.547779E+07  0.610197E+02
  0.919366E-04  0.162555E+08  0.162554E+08  0.200643E+08  0.200141E+08  0.000000E+00  0.162555E+08  0.162555E+08  0.162614E+08 -0.390203E+00  0.547758E+07  0.547757E+07  0.671517E+02
  0.101538E-03  0.162548E+08  0.162547E+08  0.197243E+08  0.196638E+08  0.000000E+00  0.162548E+08  0.162548E+08  0.162605E+08 -0.390179E+00  0.547732E+07  0.547729E+07  0.738423E+02
  0.112141E-03  0.162538E+08  0.162537E+08  0.193165E+08  0.192440E+08  0.000000E+00  0.162538E+08  0.162538E+08  0.162594E+08 -0.390150E+00  0.547699E+07  0.547696E+07  0.811228E+02
  0.123852E-03  0.162527E+08  0.162525E+08  0.188295E+08  0.187426E+08  0.000000E+00  0.162527E+08  0.162527E+08  0.162581E+08 -0.390114E+00  0.547659E+07  0.547656E+07  0.890188E+02
  0.136786E-03  0.162513E+08  0.162511E+08  0.182504E+08  0.181469E+08  0.000000E+00  0.162513E+08  0.162513E+08  0.162566E+08 -0.390071E+00  0.547611E+07  0.547607E+07  0.975473E+02
  0.151071E-03  0.162496E+08  0.162494E+08  0.175657E+08  0.174430E+08  0.000000E+00  0.162496E+08  0.162496E+08  0.162547E+08 -0.390019E+00  0.547552E+07  0.547547E+07  0.106713E+03
  0.166847E-03  0.162476E+08  0.162473E+08  0.167618E+08  0.166173E+08  0.000000E+00  0.162475E+08  0.162475E+08  0.162524E+08 -0.389956E+00  0.547481E+07  0.547475E+07  0.116501E+03
  0.184271E-03  0.162451E+08  0.162448E+08  0.158263E+08  0.156573E+08  0.000000E+00  0.162451E+08  0.162451E+08  0.162496E+08 -0.389880E+00  0.547394E+07  0.547387E+07  0.126874E+03
  0.203514E-03  0.162421E+08  0.162417E+08  0.147490E+08  0.145534E+08  0.000000E+00  0.162420E+08  0.162420E+08  0.162463E+08 -0.389789E+00  0.547290E+07  0.547281E+07  0.137760E+03
  0.224767E-03  0.162385E+08  0.162380E+08  0.135248E+08  0.133011E+08  0.000000E+00  0.162384E+08  0.162384E+08  0.162423E+08 -0.389680E+00  0.547163E+07  0.547153E+07  0.149048E+03
  0.248240E-03  0.162341E+08  0.162335E+08  0.121564E+08  0.119042E+08  0.000000E+00  0.162340E+08  0.162340E+08  0.162375E+08 -0.389549E+00  0.547010E+07  0.546998E+07  0.160573E+03
  0.274163E-03  0.162288E+08  0.162281E+08  0.106580E+08  0.103789E+08  0.000000E+00  0.162287E+08  0.162287E+08  0.162318E+08 -0.389394E+00  0.546826E+07  0.546812E+07  0.172111E+03
  0.302794E-03  0.162225E+08  0.162216E+08  0.905902E+07  0.875704E+07  0.000000E+00  0.162224E+08  0.162224E+08  0.162250E+08 -0.389211E+00  0.546606E+07  0.546589E+07  0.183369E+03
  0.334415E-03  0.162149E+08  0.162138E+08  0.740771E+07  0.709014E+07  0.000000E+00  0.162147E+08  0.162147E+08  0.162168E+08 -0.388994E+00  0.546341E+07  0.546322E+07  0.193983E+03
  0.369338E-03  0.162058E+08  0.162045E+08  0.577227E+07  0.545008E+07  0.000000E+00  0.162056E+08  0.162056E+08  0.162073E+08 -0.388741E+00  0.546025E+07  0.546003E+07  0.203521E+03
  0.407908E-03  0.161950E+08  0.161935E+08  0.423814E+07  0.392584E+07  0.000000E+00  0.161948E+08  0.161948E+08  0.161960E+08 -0.388445E+00  0.545650E+07  0.545624E+07  0.211503E+03
  0.450506E-03  0.161822E+08  0.161804E+08  0.289858E+07  0.261310E+07  0.000000E+00  0.161819E+08  0.161819E+08  0.161827E+08 -0.388102E+00  0.545205E+07  0.545176E+07  0.217430E+03
  0.497553E-03  0.161670E+08  0.161650E+08  0.183686E+07  0.159506E+07  0.000000E+00  0.161667E+08  0.161667E+08  0.161672E+08 -0.387706E+00  0.544681E+07  0.544648E+07  0.220837E+03
  0.549512E-03  0.161492E+08  0.161469E+08  0.110133E+07  0.916045E+06  0.000000E+00  0.161488E+08  0.161488E+08  0.161491E+08 -0.387250E+00  0.544067E+07  0.544030E+07  0.221353E+03
  0.606898E-03  0.161283E+08  0.161257E+08  0.680132E+06  0.555631E+06  0.000000E+00  0.161279E+08  0.161279E+08  0.161281E+08 -0.386727E+00  0.543350E+07  0.543310E+07  0.218767E+03
  0.670277E-03  0.161040E+08  0.161011E+08  0.490424E+06  0.418916E+06  0.000000E+00  0.161035E+08  0.161035E+08  0.161036E+08 -0.386127E+00  0.542517E+07  0.542474E+07  0.213074E+03
  0.740274E-03  0.160757E+08  0.160726E+08  0.399991E+06  0.362077E+06  0.000000E+00  0.160752E+08  0.160752E+08  0.160753E+08 -0.385438E+00  0.541553E+07  0.541508E+07  0.204481E+03
  0.817581E-03  0.160431E+08  0.160397E+08  0.288532E+06  0.259507E+06  0.000000E+00  0.160425E+08  0.160425E+08  0.160426E+08 -0.384646E+00  0.540443E+07  0.540395E+07  0.193368E+03
  0.902961E-03  0.160054E+08  0.160019E+08  0.121539E+06  0.820503E+05  0.000000E+00  0.160049E+08  0.160049E+08  0.160049E+08 -0.383737E+00  0.539167E+07  0.539118E+07  0.180215E+03
  0.997257E-03  0.159622E+08  0.159586E+08 -0.305712E+05 -0.861009E+05  0.000000E+00  0.159617E+08  0.159617E+08  0.159616E+08 -0.382694E+00  0.537704E+07  0.537654E+07  0.165566E+03
  0.110140E-02  0.159127E+08  0.159090E+08 -0.814476E+05 -0.146229E+06  0.000000E+00  0.159122E+08  0.159122E+08  0.159121E+08 -0.381502E+00  0.536031E+07  0.535981E+07  0.150052E+03
  0.121642E-02  0.158562E+08  0.158524E+08 -0.563987E+05 -0.579038E+06  0.000000E+00  0.158556E+08  0.158556E+08  0.158556E+08 -0.380142E+00  0.534125E+07  0.534076E+07  0.134433E+03
  0.134345E-02  0.157919E+08  0.157881E+08 -0.674533E+05 -0.472773E+06  0.000000E+00  0.157913E+08  0.157913E+08  0.157913E+08 -0.378598E+00  0.531954E+07  0.531906E+07  0.119536E+03
  0.148375E-02  0.157189E+08  0.157151E+08 -0.120475E+06 -0.385791E+06  0.000000E+00  0.157183E+08  0.157183E+08  0.157183E+08 -0.376846E+00  0.529491E+07  0.529444E+07  0.106057E+03
  0.163870E-02  0.156363E+08  0.156325E+08 -0.113449E+06 -0.314613E+06  0.000000E+00  0.156357E+08  0.156357E+08  0.156356E+08 -0.374864E+00  0.526705E+07  0.526659E+07  0.944045E+02
  0.180983E-02  0.155431E+08  0.155392E+08 -0.838466E+05 -0.256387E+06  0.000000E+00  0.155425E+08  0.155425E+08  0.155424E+08 -0.372627E+00  0.523562E+07  0.523516E+07  0.846782E+02
  0.199883E-02  0.154382E+08  0.154341E+08 -0.951444E+05 -0.208772E+06  0.000000E+00  0.154376E+08  0.154376E+08  0.154375E+08 -0.370112E+00  0.520026E+07  0.519980E+07  0.766148E+02
  0.220757E-02  0.153206E+08  0.153163E+08 -0.751706E+05 -0.169851E+06  0.000000E+00  0.153200E+08  0.153200E+08  0.153199E+08 -0.367291E+00  0.516063E+07  0.516017E+07  0.696286E+02
  0.243810E-02  0.151892E+08  0.151847E+08 -0.739475E+05 -0.138053E+06  0.000000E+00  0.151885E+08  0.151885E+08  0.151885E+08 -0.364139E+00  0.511634E+07  0.511588E+07  0.631510E+02
  0.269271E-02  0.150429E+08  0.150381E+08 -0.624252E+05 -0.112088E+06  0.000000E+00  0.150421E+08  0.150421E+08  0.150421E+08 -0.360629E+00  0.506701E+07  0.506655E+07  0.569027E+02
  0.297391E-02  0.148804E+08  0.148753E+08 -0.604270E+05 -0.908995E+05  0.000000E+00  0.148796E+08  0.148796E+08  0.148796E+08 -0.356732E+00  0.501225E+07  0.501180E+07  0.510202E+02
  0.328448E-02  0.147006E+08  0.146951E+08 -0.445033E+05 -0.736209E+05  0.000000E+00  0.146997E+08  0.146997E+08  0.146997E+08 -0.352420E+00  0.495166E+07  0.495121E+07  0.457946E+02
  0.362748E-02  0.145023E+08  0.144963E+08 -0.363002E+05 -0.595417E+05  0.000000E+00  0.145013E+08  0.145013E+08  0.145013E+08 -0.347663E+00  0.488482E+07  0.488438E+07  0.412924E+02
  0.400630E-02  0.142842E+08  0.142776E+08 -0.332788E+05 -0.480796E+05  0.000000E+00  0.142832E+08  0.142832E+08  0.142832E+08 -0.342434E+00  0.481135E+07  0.481090E+07  0.372652E+02
  0.442468E-02  0.140453E+08  0.140380E+08 -0.275277E+05 -0.387573E+05  0.000000E+00  0.140442E+08  0.140442E+08  0.140442E+08 -0.336702E+00  0.473082E+07  0.473038E+07  0.335174E+02
  0.488675E-02  0.137843E+08  0.137762E+08 -0.230890E+05 -0.311835E+05  0.000000E+00  0.137830E+08  0.137830E+08  0.137830E+08 -0.330441E+00  0.464285E+07  0.464240E+07  0.301444E+02
  0.539707E-02  0.135000E+08  0.134908E+08 -0.187905E+05 -0.250374E+05  0.000000E+00  0.134985E+08  0.134985E+08  0.134985E+08 -0.323621E+00  0.454702E+07  0.454658E+07  0.271917E+02
  0.596069E-02  0.131912E+08  0.131808E+08 -0.159477E+05 -0.200566E+05  0.000000E+00  0.131896E+08  0.131896E+08  0.131896E+08 -0.316213E+00  0.444294E+07  0.444250E+07  0.245233E+02
  0.658316E-02  0.128567E+08  0.128450E+08 -0.118636E+05 -0.160257E+05  0.000000E+00  0.128549E+08  0.128549E+08  0.128549E+08 -0.308190E+00  0.433021E+07  0.432977E+07  0.221272E+02
  0.727065E-02  0.124955E+08  0.124821E+08 -0.101196E+05 -0.127689E+05  0.000000E+00  0.124934E+08  0.124934E+08  0.124934E+08 -0.299524E+00  0.420844E+07  0.420801E+07  0.200094E+02
  0.802992E-02  0.121064E+08  0.120911E+08 -0.801776E+04 -0.101420E+05  0.000000E+00  0.121040E+08  0.121040E+08  0.121040E+08 -0.290188E+00  0.407727E+07  0.407683E+07  0.181110E+02
  0.886849E-02  0.116884E+08  0.116708E+08 -0.694175E+04 -0.802737E+04  0.000000E+00  0.116856E+08  0.116856E+08  0.116856E+08 -0.280158E+00  0.393634E+07  0.393591E+07  0.164284E+02
  0.979463E-02  0.112407E+08  0.112205E+08 -0.557429E+04 -0.632870E+04  0.000000E+00  0.112375E+08  0.112375E+08  0.112375E+08 -0.269414E+00  0.378539E+07  0.378495E+07  0.149262E+02
  0.108175E-01  0.107627E+08  0.107396E+08 -0.435138E+04 -0.496757E+04  0.000000E+00  0.107591E+08  0.107591E+08  0.107591E+08 -0.257943E+00  0.362423E+07  0.362379E+07  0.135858E+02
  0.119472E-01  0.102695E+08  0.102432E+08 -0.342485E+04 -0.388569E+04  0.000000E+00  0.102654E+08  0.102654E+08  0.102654E+08 -0.246107E+00  0.345793E+07  0.345748E+07  0.123950E+02
  0.131948E-01  0.973420E+07  0.970440E+07 -0.280029E+04 -0.301933E+04  0.000000E+00  0.972955E+07  0.972955E+07  0.972955E+07 -0.233261E+00  0.327744E+07  0.327699E+07  0.113044E+02
  0.145727E-01  0.917174E+07  0.913827E+07 -0.210917E+04 -0.233210E+04  0.000000E+00  0.916651E+07  0.916651E+07  0.916651E+07 -0.219763E+00  0.308778E+07  0.308733E+07  0.103019E+02
  0.160946E-01  0.857510E+07  0.853796E+07 -0.154594E+04 -0.178737E+04  0.000000E+00  0.856930E+07  0.856930E+07  0.856930E+07 -0.205445E+00  0.288661E+07  0.288616E+07  0.935664E+01
  0.177753E-01  0.796982E+07  0.792923E+07 -0.125315E+04 -0.136175E+04  0.000000E+00  0.796347E+07  0.796347E+07  0.796347E+07 -0.190920E+00  0.268254E+07  0.268209E+07  0.845661E+01
  0.196316E-01  0.736166E+07  0.731815E+07 -0.939911E+03 -0.103108E+04  0.000000E+00  0.735486E+07  0.735486E+07  0.735486E+07 -0.176329E+00  0.247753E+07  0.247708E+07  0.757618E+01
  0.216817E-01  0.674810E+07  0.670261E+07 -0.734829E+03 -0.774763E+03  0.000000E+00  0.674100E+07  0.674100E+07  0.674100E+07 -0.161612E+00  0.227075E+07  0.227032E+07  0.669163E+01
  0.239460E-01  0.615380E+07  0.610768E+07 -0.541536E+03 -0.579169E+03  0.000000E+00  0.614660E+07  0.614660E+07  0.614660E+07 -0.147362E+00  0.207053E+07  0.207011E+07  0.579706E+01
  0.264467E-01  0.559277E+07  0.554779E+07 -0.403002E+03 -0.431495E+03  0.000000E+00  0.558574E+07  0.558574E+07  0.558574E+07 -0.133915E+00  0.188160E+07  0.188121E+07  0.489174E+01
  0.292085E-01  0.508069E+07  0.503888E+07 -0.298079E+03 -0.321353E+03  0.000000E+00  0.507416E+07  0.507416E+07  0.507416E+07 -0.121650E+00  0.170927E+07  0.170892E+07  0.399065E+01
  0.321293E-01  0.464457E+07  0.460767E+07 -0.813625E+02 -0.242793E+03  0.000000E+00  0.463880E+07  0.463880E+07  0.463880E+07 -0.111213E+00  0.156261E+07  0.156231E+07  0.315885E+01
  0.350502E-01  0.430063E+07  0.426947E+07 -0.633083E+02 -0.188925E+03  0.000000E+00  0.429576E+07  0.429576E+07  0.429576E+07 -0.102989E+00  0.144705E+07  0.144679E+07  0.246352E+01
  0.379710E-01  0.402078E+07  0.399534E+07 -0.504376E+02 -0.150523E+03  0.000000E+00  0.401681E+07  0.401681E+07  0.401681E+07 -0.963009E-01  0.135308E+07  0.135286E+07  0.190898E+01
  0.408919E-01  0.378427E+07  0.376386E+07 -0.409353E+02 -0.122170E+03  0.000000E+00  0.378108E+07  0.378108E+07  0.378108E+07 -0.906495E-01  0.127367E+07  0.127349E+07  0.149196E+01
  0.438127E-01  0.357268E+07  0.355611E+07 -0.336681E+02 -0.100485E+03  0.000000E+00  0.357009E+07  0.357009E+07  0.357009E+07 -0.855912E-01  0.120260E+07  0.120244E+07  0.119948E+01
  0.467336E-01  0.337261E+07  0.335848E+07 -0.279354E+02 -0.833767E+02  0.000000E+00  0.337040E+07  0.337040E+07  0.337040E+07 -0.808038E-01  0.113533E+07  0.113519E+07  0.101115E+01
  0.496544E-01  0.317609E+07  0.316303E+07 -0.233040E+02 -0.695534E+02  0.000000E+00  0.317405E+07  0.317405E+07  0.317405E+07 -0.760962E-01  0.106919E+07  0.106905E+07  0.902167E+00
  0.525753E-01  0.298556E+07  0.297244E+07 -0.195392E+02 -0.583158E+02  0.000000E+00  0.298351E+07  0.298351E+07  0.298351E+07 -0.715281E-01  0.100501E+07  0.100487E+07  0.847628E+00
  0.554961E-01  0.279359E+07  0.277966E+07 -0.164080E+02 -0.489692E+02  0.000000E+00  0.279141E+07  0.279141E+07  0.279141E+07 -0.669227E-01  0.940299E+06  0.940162E+06  0.821380E+00
  0.584170E-01  0.260882E+07  0.259377E+07 -0.138278E+02 -0.412669E+02  0.000000E+00  0.260647E+07  0.260647E+07  0.260647E+07 -0.624887E-01  0.878002E+06  0.877861E+06  0.804440E+00
  0.613378E-01  0.243606E+07  0.241999E+07 -0.117106E+02 -0.349473E+02  0.000000E+00  0.243355E+07  0.243355E+07  0.243355E+07 -0.583431E-01  0.819755E+06  0.819612E+06  0.782525E+00
  0.649817E-01  0.224390E+07  0.222717E+07 -0.961016E+01 -0.286779E+02  0.000000E+00  0.224128E+07  0.224128E+07  0.224128E+07 -0.537336E-01  0.754991E+06  0.754848E+06  0.736447E+00
  0.686255E-01  0.208325E+07  0.206682E+07 -0.799941E+01 -0.238709E+02  0.000000E+00  0.208069E+07  0.208069E+07  0.208069E+07 -0.498834E-01  0.700894E+06  0.700756E+06  0.666872E+00
  0.722694E-01  0.195542E+07  0.194022E+07 -0.677049E+01 -0.202039E+02  0.000000E+00  0.195304E+07  0.195304E+07  0.195304E+07 -0.468232E-01  0.657895E+06  0.657770E+06  0.580244E+00
  0.759132E-01  0.185542E+07  0.184213E+07 -0.582265E+01 -0.173761E+02  0.000000E+00  0.185334E+07  0.185334E+07  0.185334E+07 -0.444329E-01  0.624310E+06  0.624198E+06  0.488106E+00
  0.795571E-01  0.177418E+07  0.176303E+07 -0.506980E+01 -0.151300E+02  0.000000E+00  0.177244E+07  0.177244E+07  0.177244E+07 -0.424932E-01  0.597054E+06  0.596958E+06  0.402569E+00
  0.832009E-01  0.170226E+07  0.169304E+07 -0.444794E+01 -0.132747E+02  0.000000E+00  0.170082E+07  0.170082E+07  0.170082E+07 -0.407763E-01  0.572928E+06  0.572845E+06  0.332934E+00
  0.868448E-01  0.163217E+07  0.162435E+07 -0.391469E+01 -0.116836E+02  0.000000E+00  0.163095E+07  0.163095E+07  0.163095E+07 -0.391012E-01  0.549391E+06  0.549318E+06  0.283765E+00
  0.904886E-01  0.155921E+07  0.155211E+07 -0.344467E+01 -0.102808E+02  0.000000E+00  0.155810E+07  0.155810E+07  0.155810E+07 -0.373546E-01  0.524851E+06  0.524782E+06  0.254605E+00
  0.941325E-01  0.148199E+07  0.147498E+07 -0.302546E+01 -0.902957E+01  0.000000E+00  0.148089E+07  0.148089E+07  0.148089E+07 -0.355036E-01  0.498844E+06  0.498776E+06  0.241081E+00
  0.977763E-01  0.140222E+07  0.139487E+07 -0.265310E+01 -0.791804E+01  0.000000E+00  0.140107E+07  0.140107E+07  0.140107E+07 -0.335900E-01  0.471958E+06  0.471888E+06  0.236770E+00
  0.101420E+00  0.132342E+07  0.131556E+07 -0.232714E+01 -0.694501E+01  0.000000E+00  0.132219E+07  0.132219E+07  0.132219E+07 -0.316989E-01  0.445387E+06  0.445316E+06  0.235118E+00
  0.105064E+00  0.124950E+07  0.124121E+07 -0.204726E+01 -0.610954E+01  0.000000E+00  0.124821E+07  0.124821E+07  0.124821E+07 -0.299252E-01  0.420466E+06  0.420394E+06  0.230982E+00
  0.108708E+00  0.118389E+07  0.117545E+07 -0.181179E+01 -0.540674E+01  0.000000E+00  0.118257E+07  0.118257E+07  0.118257E+07 -0.283515E-01  0.398356E+06  0.398283E+06  0.221524E+00
  0.112352E+00  0.112856E+07  0.112033E+07 -0.161688E+01 -0.482505E+01  0.000000E+00  0.112728E+07  0.112728E+07  0.112728E+07 -0.270259E-01  0.379730E+06  0.379660E+06  0.206336E+00
  0.115996E+00  0.108333E+07  0.107563E+07 -0.145611E+01 -0.434535E+01  0.000000E+00  0.108212E+07  0.108212E+07  0.108212E+07 -0.259434E-01  0.364520E+06  0.364455E+06  0.186924E+00
  0.119639E+00  0.104604E+07  0.103908E+07 -0.132171E+01 -0.394435E+01  0.000000E+00  0.104495E+07  0.104495E+07  0.104495E+07 -0.250521E-01  0.351997E+06  0.351937E+06  0.165865E+00
  0.123283E+00  0.101371E+07  0.100755E+07 -0.120634E+01 -0.360015E+01  0.000000E+00  0.101275E+07  0.101275E+07  0.101275E+07 -0.242802E-01  0.341150E+06  0.341096E+06  0.145903E+00
  0.126927E+00  0.983471E+06  0.978017E+06 -0.110418E+01 -0.329535E+01  0.000000E+00  0.982619E+06  0.982619E+06  0.982619E+06 -0.235578E-01  0.331000E+06  0.330950E+06  0.129211E+00
  0.130571E+00  0.952935E+06  0.947987E+06 -0.101105E+01 -0.301746E+01  0.000000E+00  0.952162E+06  0.952162E+06  0.952162E+06 -0.228276E-01  0.320740E+06  0.320694E+06  0.116926E+00
  0.134215E+00  0.920632E+06  0.915952E+06 -0.924471E+00 -0.275908E+01  0.000000E+00  0.919901E+06  0.919901E+06  0.919901E+06 -0.220542E-01  0.309872E+06  0.309829E+06  0.109059E+00
  0.137859E+00  0.886374E+06  0.881742E+06 -0.843629E+00 -0.251778E+01  0.000000E+00  0.885650E+06  0.885650E+06  0.885650E+06 -0.212330E-01  0.298335E+06  0.298292E+06  0.104712E+00
  0.141503E+00  0.851089E+06  0.846360E+06 -0.768839E+00 -0.229454E+01  0.000000E+00  0.850350E+06  0.850350E+06  0.850350E+06 -0.203867E-01  0.286444E+06  0.286401E+06  0.102466E+00
  0.145146E+00  0.816252E+06  0.811374E+06 -0.700781E+00 -0.209138E+01  0.000000E+00  0.815490E+06  0.815490E+06  0.815490E+06 -0.195510E-01  0.274702E+06  0.274658E+06  0.100823E+00
  0.148790E+00  0.783341E+06  0.778349E+06 -0.639963E+00 -0.190984E+01  0.000000E+00  0.782561E+06  0.782561E+06  0.782561E+06 -0.187615E-01  0.263610E+06  0.263566E+06  0.985708E-01
  0.152434E+00  0.753517E+06  0.748513E+06 -0.586502E+00 -0.175028E+01  0.000000E+00  0.752735E+06  0.752735E+06  0.752735E+06 -0.180464E-01  0.253563E+06  0.253520E+06  0.950130E-01
  0.156078E+00  0.727381E+06  0.722490E+06 -0.540026E+00 -0.161158E+01  0.000000E+00  0.726617E+06  0.726617E+06  0.726617E+06 -0.174203E-01  0.244765E+06  0.244723E+06  0.900221E-01
  0.159722E+00  0.704834E+06  0.700171E+06 -0.499687E+00 -0.149121E+01  0.000000E+00  0.704106E+06  0.704106E+06  0.704106E+06 -0.168806E-01  0.237182E+06  0.237142E+06  0.839445E-01
  0.163366E+00  0.685206E+06  0.680844E+06 -0.464355E+00 -0.138578E+01  0.000000E+00  0.684525E+06  0.684525E+06  0.684525E+06 -0.164111E-01  0.230586E+06  0.230548E+06  0.774120E-01
  0.167010E+00  0.667523E+06  0.663482E+06 -0.432860E+00 -0.129181E+01  0.000000E+00  0.666891E+06  0.666891E+06  0.666891E+06 -0.159884E-01  0.224646E+06  0.224610E+06  0.711222E-01
  0.170653E+00  0.650726E+06  0.646975E+06 -0.404153E+00 -0.120616E+01  0.000000E+00  0.650140E+06  0.650140E+06  0.650140E+06 -0.155868E-01  0.219003E+06  0.218969E+06  0.656442E-01
  0.174297E+00  0.633896E+06  0.630365E+06 -0.377418E+00 -0.112638E+01  0.000000E+00  0.633344E+06  0.633344E+06  0.633344E+06 -0.151841E-01  0.213345E+06  0.213313E+06  0.612978E-01
  0.177941E+00  0.616499E+06  0.613104E+06 -0.352184E+00 -0.105107E+01  0.000000E+00  0.615968E+06  0.615968E+06  0.615968E+06 -0.147675E-01  0.207492E+06  0.207461E+06  0.581224E-01
  0.181585E+00  0.598517E+06  0.595181E+06 -0.328325E+00 -0.979860E+00  0.000000E+00  0.597996E+06  0.597996E+06  0.597996E+06 -0.143366E-01  0.201438E+06  0.201407E+06  0.559209E-01
  0.185229E+00  0.580303E+06  0.576971E+06 -0.305927E+00 -0.913008E+00  0.000000E+00  0.579783E+06  0.579783E+06  0.579783E+06 -0.139000E-01  0.195303E+06  0.195272E+06  0.543468E-01
  0.188873E+00  0.562340E+06  0.558990E+06 -0.285123E+00 -0.850910E+00  0.000000E+00  0.561816E+06  0.561816E+06  0.561816E+06 -0.134693E-01  0.189251E+06  0.189221E+06  0.530112E-01
  0.192516E+00  0.545111E+06  0.541752E+06 -0.266018E+00 -0.793886E+00  0.000000E+00  0.544586E+06  0.544586E+06  0.544586E+06 -0.130562E-01  0.183447E+06  0.183417E+06  0.515829E-01
  0.196160E+00  0.529048E+06  0.525712E+06 -0.248672E+00 -0.742117E+00  0.000000E+00  0.528526E+06  0.528526E+06  0.528526E+06 -0.126712E-01  0.178037E+06  0.178008E+06  0.498578E-01
  0.199804E+00  0.514423E+06  0.511152E+06 -0.233058E+00 -0.695517E+00  0.000000E+00  0.513912E+06  0.513912E+06  0.513912E+06 -0.123208E-01  0.173114E+06  0.173085E+06  0.477800E-01
  0.203448E+00  0.501241E+06  0.498075E+06 -0.219025E+00 -0.653640E+00  0.000000E+00  0.500746E+06  0.500746E+06  0.500746E+06 -0.120051E-01  0.168679E+06  0.168651E+06  0.454212E-01
  0.207092E+00  0.489253E+06  0.486220E+06 -0.206332E+00 -0.615764E+00  0.000000E+00  0.488779E+06  0.488779E+06  0.488779E+06 -0.117182E-01  0.164648E+06  0.164621E+06  0.429357E-01
  0.210736E+00  0.478100E+06  0.475208E+06 -0.194718E+00 -0.581110E+00  0.000000E+00  0.477648E+06  0.477648E+06  0.477648E+06 -0.114514E-01  0.160898E+06  0.160873E+06  0.405069E-01
  0.214380E+00  0.467427E+06  0.464667E+06 -0.183958E+00 -0.549001E+00  0.000000E+00  0.466996E+06  0.466996E+06  0.466996E+06 -0.111960E-01  0.157310E+06  0.157285E+06  0.382958E-01
  0.218023E+00  0.456936E+06  0.454285E+06 -0.173870E+00 -0.518897E+00  0.000000E+00  0.456522E+06  0.456522E+06  0.456522E+06 -0.109449E-01  0.153782E+06  0.153758E+06  0.364033E-01
  0.221667E+00  0.446415E+06  0.443844E+06 -0.164329E+00 -0.490423E+00  0.000000E+00  0.446013E+06  0.446013E+06  0.446013E+06 -0.106929E-01  0.150242E+06  0.150219E+06  0.348549E-01
  0.225311E+00  0.435795E+06  0.433276E+06 -0.155272E+00 -0.463394E+00  0.000000E+00  0.435401E+06  0.435401E+06  0.435401E+06 -0.104385E-01  0.146667E+06  0.146644E+06  0.336086E-01
  0.228955E+00  0.425159E+06  0.422671E+06 -0.146699E+00 -0.437805E+00  0.000000E+00  0.424770E+06  0.424770E+06  0.424770E+06 -0.101837E-01  0.143086E+06  0.143064E+06  0.325773E-01
  0.232599E+00  0.414686E+06  0.412218E+06 -0.138636E+00 -0.413739E+00  0.000000E+00  0.414300E+06  0.414300E+06  0.414300E+06 -0.993264E-02  0.139559E+06  0.139537E+06  0.316569E-01
  0.236243E+00  0.404561E+06  0.402113E+06 -0.131109E+00 -0.391276E+00  0.000000E+00  0.404178E+06  0.404178E+06  0.404178E+06 -0.968997E-02  0.136150E+06  0.136128E+06  0.307522E-01
  0.239887E+00  0.394926E+06  0.392508E+06 -0.124127E+00 -0.370438E+00  0.000000E+00  0.394549E+06  0.394549E+06  0.394549E+06 -0.945910E-02  0.132906E+06  0.132884E+06  0.297971E-01
  0.243530E+00  0.385868E+06  0.383492E+06 -0.117677E+00 -0.351190E+00  0.000000E+00  0.385497E+06  0.385497E+06  0.385497E+06 -0.924209E-02  0.129857E+06  0.129836E+06  0.287649E-01
  0.247174E+00  0.377404E+06  0.375083E+06 -0.111728E+00 -0.333434E+00  0.000000E+00  0.377041E+06  0.377041E+06  0.377041E+06 -0.903937E-02  0.127008E+06  0.126988E+06  0.276660E-01
  0.250818E+00  0.369476E+06  0.367221E+06 -0.106226E+00 -0.317016E+00  0.000000E+00  0.369123E+06  0.369123E+06  0.369123E+06 -0.884955E-02  0.124341E+06  0.124321E+06  0.265373E-01
  0.254462E+00  0.361969E+06  0.359784E+06 -0.101110E+00 -0.301747E+00  0.000000E+00  0.361628E+06  0.361628E+06  0.361628E+06 -0.866985E-02  0.121816E+06  0.121797E+06  0.254271E-01
  0.258106E+00  0.354753E+06  0.352635E+06 -0.963163E-01 -0.287443E+00  0.000000E+00  0.354422E+06  0.354422E+06  0.354422E+06 -0.849710E-02  0.119389E+06  0.119370E+06  0.243811E-01
  0.261750E+00  0.347716E+06  0.345659E+06 -0.917960E-01 -0.273954E+00  0.000000E+00  0.347395E+06  0.347395E+06  0.347395E+06 -0.832861E-02  0.117022E+06  0.117003E+06  0.234319E-01
  0.265393E+00  0.340780E+06  0.338773E+06 -0.875118E-01 -0.261168E+00  0.000000E+00  0.340467E+06  0.340467E+06  0.340467E+06 -0.816251E-02  0.114688E+06  0.114670E+06  0.225923E-01
  0.269037E+00  0.333903E+06  0.331936E+06 -0.834389E-01 -0.249013E+00  0.000000E+00  0.333596E+06  0.333596E+06  0.333596E+06 -0.799780E-02  0.112373E+06  0.112356E+06  0.218553E-01
  0.272681E+00  0.327094E+06  0.325158E+06 -0.795671E-01 -0.237458E+00  0.000000E+00  0.326792E+06  0.326792E+06  0.326792E+06 -0.783466E-02  0.110081E+06  0.110064E+06  0.211997E-01
  0.276325E+00  0.320400E+06  0.318491E+06 -0.758966E-01 -0.226503E+00  0.000000E+00  0.320102E+06  0.320102E+06  0.320102E+06 -0.767428E-02  0.107828E+06  0.107811E+06  0.205969E-01
  0.279969E+00  0.313888E+06  0.312004E+06 -0.724308E-01 -0.216160E+00  0.000000E+00  0.313594E+06  0.313594E+06  0.313594E+06 -0.751825E-02  0.105636E+06  0.105619E+06  0.200191E-01
  0.283613E+00  0.307606E+06  0.305748E+06 -0.691687E-01 -0.206424E+00  0.000000E+00  0.307316E+06  0.307316E+06  0.307316E+06 -0.736774E-02  0.103521E+06  0.103504E+06  0.194445E-01
  0.287257E+00  0.301580E+06  0.299752E+06 -0.661040E-01 -0.197278E+00  0.000000E+00  0.301294E+06  0.301294E+06  0.301294E+06 -0.722338E-02  0.101492E+06  0.101476E+06  0.188611E-01
  0.290900E+00  0.295821E+06  0.294028E+06 -0.632274E-01 -0.188693E+00  0.000000E+00  0.295541E+06  0.295541E+06  0.295541E+06 -0.708544E-02  0.995544E+05  0.995385E+05  0.182681E-01
  0.294544E+00  0.290324E+06  0.288568E+06 -0.605267E-01 -0.180633E+00  0.000000E+00  0.290050E+06  0.290050E+06  0.290050E+06 -0.695379E-02  0.977047E+05  0.976891E+05  0.176731E-01
  0.298188E+00  0.285056E+06  0.283340E+06 -0.579851E-01 -0.173049E+00  0.000000E+00  0.284788E+06  0.284788E+06  0.284788E+06 -0.682765E-02  0.959323E+05  0.959170E+05  0.170883E-01
  0.301832E+00  0.279967E+06  0.278289E+06 -0.555832E-01 -0.165881E+00  0.000000E+00  0.279704E+06  0.279704E+06  0.279704E+06 -0.670577E-02  0.942198E+05  0.942049E+05  0.165263E-01
  0.305476E+00  0.275010E+06  0.273369E+06 -0.533045E-01 -0.159080E+00  0.000000E+00  0.274753E+06  0.274753E+06  0.274753E+06 -0.658707E-02  0.925520E+05  0.925374E+05  0.159972E-01
  0.309120E+00  0.270160E+06  0.268552E+06 -0.511372E-01 -0.152612E+00  0.000000E+00  0.269908E+06  0.269908E+06  0.269908E+06 -0.647092E-02  0.909200E+05  0.909056E+05  0.155064E-01
  0.312764E+00  0.265401E+06  0.263823E+06 -0.490729E-01 -0.146452E+00  0.000000E+00  0.265155E+06  0.265155E+06  0.265155E+06 -0.635695E-02  0.893187E+05  0.893046E+05  0.150540E-01
  0.316407E+00  0.260725E+06  0.259173E+06 -0.471042E-01 -0.140576E+00  0.000000E+00  0.260482E+06  0.260482E+06  0.260482E+06 -0.624493E-02  0.877448E+05  0.877309E+05  0.146350E-01
  0.320051E+00  0.256133E+06  0.254604E+06 -0.452268E-01 -0.134973E+00  0.000000E+00  0.255894E+06  0.255894E+06  0.255894E+06 -0.613493E-02  0.861991E+05  0.861855E+05  0.142416E-01
  0.323695E+00  0.251644E+06  0.250138E+06 -0.434393E-01 -0.129639E+00  0.000000E+00  0.251409E+06  0.251409E+06  0.251409E+06 -0.602740E-02  0.846883E+05  0.846748E+05  0.138655E-01
  0.327339E+00  0.247282E+06  0.245798E+06 -0.417412E-01 -0.124571E+00  0.000000E+00  0.247050E+06  0.247050E+06  0.247050E+06 -0.592290E-02  0.832200E+05  0.832068E+05  0.134998E-01
  0.330983E+00  0.243057E+06  0.241596E+06 -0.401297E-01 -0.119761E+00  0.000000E+00  0.242829E+06  0.242829E+06  0.242829E+06 -0.582170E-02  0.817982E+05  0.817852E+05  0.131398E-01
  0.334627E+00  0.238970E+06  0.237532E+06 -0.386002E-01 -0.115197E+00  0.000000E+00  0.238745E+06  0.238745E+06  0.238745E+06 -0.572379E-02  0.804225E+05  0.804096E+05  0.127835E-01
  0.338271E+00  0.235015E+06  0.233601E+06 -0.371479E-01 -0.110863E+00  0.000000E+00  0.234794E+06  0.234794E+06  0.234794E+06 -0.562907E-02  0.790915E+05  0.790789E+05  0.124317E-01
  0.341914E+00  0.231187E+06  0.229799E+06 -0.357682E-01 -0.106745E+00  0.000000E+00  0.230970E+06  0.230970E+06  0.230970E+06 -0.553740E-02  0.778035E+05  0.777912E+05  0.120871E-01
  0.345558E+00  0.227476E+06  0.226112E+06 -0.344557E-01 -0.102828E+00  0.000000E+00  0.227262E+06  0.227262E+06  0.227262E+06 -0.544850E-02  0.765545E+05  0.765423E+05  0.117532E-01
  0.349202E+00  0.223861E+06  0.222521E+06 -0.332043E-01 -0.990936E-01  0.000000E+00  0.223652E+06  0.223652E+06  0.223652E+06 -0.536194E-02  0.753382E+05  0.753262E+05  0.114329E-01
  0.352846E+00  0.220327E+06  0.219011E+06 -0.320086E-01 -0.955254E-01  0.000000E+00  0.220121E+06  0.220121E+06  0.220121E+06 -0.527730E-02  0.741490E+05  0.741372E+05  0.111279E-01
  0.356490E+00  0.216866E+06  0.215571E+06 -0.308651E-01 -0.921127E-01  0.000000E+00  0.216664E+06  0.216664E+06  0.216664E+06 -0.519441E-02  0.729844E+05  0.729728E+05  0.108387E-01
  0.360134E+00  0.213477E+06  0.212202E+06 -0.297710E-01 -0.888474E-01  0.000000E+00  0.213278E+06  0.213278E+06  0.213278E+06 -0.511322E-02  0.718436E+05  0.718322E+05  0.105645E-01
  0.363777E+00  0.210157E+06  0.208901E+06 -0.287238E-01 -0.857224E-01  0.000000E+00  0.209961E+06  0.209961E+06  0.209961E+06 -0.503371E-02  0.707265E+05  0.707152E+05  0.103033E-01
  0.367421E+00  0.206908E+06  0.205670E+06 -0.277215E-01 -0.827311E-01  0.000000E+00  0.206714E+06  0.206714E+06  0.206714E+06 -0.495587E-02  0.696327E+05  0.696217E+05  0.100526E-01
  0.371065E+00  0.203732E+06  0.202511E+06 -0.267625E-01 -0.798690E-01  0.000000E+00  0.203541E+06  0.203541E+06  0.203541E+06 -0.487979E-02  0.685638E+05  0.685529E+05  0.981007E-02
  0.374709E+00  0.200636E+06  0.199433E+06 -0.258457E-01 -0.771330E-01  0.000000E+00  0.200448E+06  0.200448E+06  0.200448E+06 -0.480564E-02  0.675219E+05  0.675111E+05  0.957395E-02
  0.378353E+00  0.197623E+06  0.196437E+06 -0.249696E-01 -0.745182E-01  0.000000E+00  0.197438E+06  0.197438E+06  0.197438E+06 -0.473346E-02  0.665078E+05  0.664972E+05  0.934324E-02
  0.381997E+00  0.194689E+06  0.193521E+06 -0.241319E-01 -0.720181E-01  0.000000E+00  0.194507E+06  0.194507E+06  0.194507E+06 -0.466320E-02  0.655205E+05  0.655101E+05  0.911757E-02
  0.385641E+00  0.191830E+06  0.190680E+06 -0.233302E-01 -0.696259E-01  0.000000E+00  0.191650E+06  0.191650E+06  0.191650E+06 -0.459471E-02  0.645583E+05  0.645480E+05  0.889724E-02
  0.389284E+00  0.189042E+06  0.187910E+06 -0.225628E-01 -0.673357E-01  0.000000E+00  0.188865E+06  0.188865E+06  0.188865E+06 -0.452795E-02  0.636202E+05  0.636101E+05  0.868300E-02
  0.392928E+00  0.186323E+06  0.185207E+06 -0.218277E-01 -0.651418E-01  0.000000E+00  0.186149E+06  0.186149E+06  0.186149E+06 -0.446282E-02  0.627051E+05  0.626951E+05  0.847564E-02
  0.396572E+00  0.183665E+06  0.182566E+06 -0.211228E-01 -0.630380E-01  0.000000E+00  0.183493E+06  0.183493E+06  0.183493E+06 -0.439916E-02  0.618106E+05  0.618008E+05  0.827570E-02
  0.400216E+00  0.181062E+06  0.179979E+06 -0.204459E-01 -0.610181E-01  0.000000E+00  0.180893E+06  0.180893E+06  0.180893E+06 -0.433681E-02  0.609346E+05  0.609249E+05  0.808331E-02
  0.403860E+00  0.178511E+06  0.177443E+06 -0.197958E-01 -0.590777E-01  0.000000E+00  0.178344E+06  0.178344E+06  0.178344E+06 -0.427571E-02  0.600761E+05  0.600665E+05  0.789834E-02
  0.407504E+00  0.176012E+06  0.174960E+06 -0.191712E-01 -0.572138E-01  0.000000E+00  0.175848E+06  0.175848E+06  0.175848E+06 -0.421587E-02  0.592353E+05  0.592258E+05  0.772032E-02
  0.411148E+00  0.173566E+06  0.172528E+06 -0.185712E-01 -0.554231E-01  0.000000E+00  0.173404E+06  0.173404E+06  0.173404E+06 -0.415727E-02  0.584120E+05  0.584027E+05  0.754856E-02
  0.414791E+00  0.171171E+06  0.170146E+06 -0.179945E-01 -0.537020E-01  0.000000E+00  0.171010E+06  0.171010E+06  0.171010E+06 -0.409989E-02  0.576057E+05  0.575966E+05  0.738223E-02
  0.418435E+00  0.168825E+06  0.167814E+06 -0.174401E-01 -0.520476E-01  0.000000E+00  0.168667E+06  0.168667E+06  0.168667E+06 -0.404371E-02  0.568164E+05  0.568073E+05  0.722064E-02
  0.422079E+00  0.166532E+06  0.165534E+06 -0.169075E-01 -0.504580E-01  0.000000E+00  0.166376E+06  0.166376E+06  0.166376E+06 -0.398878E-02  0.560446E+05  0.560357E+05  0.706335E-02
  0.446955E+00  0.152161E+06  0.151250E+06 -0.137767E-01 -0.411146E-01  0.000000E+00  0.152018E+06  0.152018E+06  0.152018E+06 -0.364456E-02  0.512082E+05  0.512000E+05  0.609715E-02
  0.623776E+00  0.891894E+05  0.886557E+05 -0.414598E-02 -0.123731E-01  0.000000E+00  0.891060E+05  0.891060E+05  0.891060E+05 -0.213627E-02  0.300158E+05  0.300110E+05  0.258637E-02
  0.870549E+00  0.516256E+05  0.513166E+05 -0.123212E-02 -0.367705E-02  0.000000E+00  0.515773E+05  0.515773E+05  0.515773E+05 -0.123654E-02  0.173741E+05  0.173712E+05  0.109377E-02
  0.121495E+01  0.295617E+05  0.293846E+05 -0.362238E-03 -0.108102E-02  0.000000E+00  0.295340E+05  0.295340E+05  0.295340E+05 -0.708063E-03  0.994869E+04  0.994699E+04  0.465842E-03
  0.169560E+01  0.167711E+05  0.166705E+05 -0.105514E-03 -0.314874E-03  0.000000E+00  0.167554E+05  0.167554E+05  0.167554E+05 -0.401701E-03  0.564414E+04  0.564311E+04  0.202957E-03
  0.236640E+01  0.943861E+04  0.938175E+04 -0.304894E-04 -0.909818E-04  0.000000E+00  0.942973E+04  0.942973E+04  0.942973E+04 -0.226073E-03  0.317646E+04  0.317581E+04  0.925388E-04
