-0.0001	-0.0001	-0.001	1.	0.	1.	0.	-0.01	-0.01	-0.1	1.	0.	1.	0.	0.1	0.1	0.1	0.1	0.1	0.1	0.7	10
2	0.5578772765028044	0.0011392023764860149	0.0018733414349425548	0.00743732109376391	0.12317606301462058	-0.00802585459030846	0.09470073022772155	7	0.0019458091416215684	0.0024405708583924435	-0.014217762540257915	0.10530001075886508	0.006410831982797383	0.0910578399497099	45.00505842546507	282.4874666957638
1.332487126712638	1.4264652472609547	0.5500019559353873	0.7039780970539022
-0.6084681153275532	0.5571322017437871	0.4403671164437324	0.6105917058687889
1.5706289393461215	-0.496633804447072	0.2555323926347268	0.6751809624054812
0.1739235513151811	-1.626431352300425	0.8055317495972867	0.6381108465401482
-1.0133341863570215	-3.108489145179706	0.4834581767396129	0.2690254531753642
-1.5900685009227633	-1.5935305568485316	0.6662136690002807	0.5397668124474517
1.0698462860759612	2.9809938522039863	0.5370165719080868	0.4545041290804386
-0.6325610862930167	0.6958046991730424	0.013876819113256555	0.3342635099736886
1.4522509334869222	-3.7629233804232958	0.6917530203808724	0.07093996927888613
-0.26550653950713304	-2.7710751198185557	0.7640209383011722	0.29704803004787705