-0.0001	-0.0001	-0.001	1.	0.	1.	0.	-0.01	-0.01	-0.1	1.	0.	1.	0.	0.1	0.1	0.1	0.1	0.1	0.1	0.7	10
4	0.8454793024374356	0.0010350224407531528	0.002431758306991716	-0.01995390311599441	0.12183554630000162	0.008016058521236826	0.12770344318360677	5	0.002252079075590885	0.002511384075376877	-0.0013558805708052978	0.13001160334402484	0.05815723324847583	0.12202270938611195	20.449513983448046	128.34438462641162
1.332487126712638	1.4264652472609547	0.5500019559353873	0.7039780970539022
-0.6084681153275532	0.5571322017437871	0.4403671164437324	0.6105917058687889
1.5706289393461215	-0.496633804447072	0.2555323926347268	0.6751809624054812
0.1739235513151811	-1.626431352300425	0.8055317495972867	0.6381108465401482
-1.0133341863570215	-3.108489145179706	0.4834581767396129	0.2690254531753642
-1.5900685009227633	-1.5935305568485316	0.6662136690002807	0.5397668124474517
1.0698462860759612	2.9809938522039863	0.5370165719080868	0.4545041290804386
-0.6325610862930167	0.6958046991730424	0.013876819113256555	0.3342635099736886
1.4522509334869222	-3.7629233804232958	0.6917530203808724	0.07093996927888613
-0.26550653950713304	-2.7710751198185557	0.7640209383011722	0.29704803004787705