10.
11.220184543019636
12.589254117941675
14.12537544622754
15.848931924611133
17.78279410038923
19.952623149688797
22.3872113856834
25.118864315095795
28.183829312644534
31.622776601683793
35.48133892335755
39.810717055349734
44.6683592150963
50.11872336272725
56.23413251903491
63.09573444801933
70.79457843841381
79.43282347242814
89.12509381337459
100.
112.2018454301963
125.89254117941675
141.25375446227554
158.48931924611142
177.82794100389228
199.52623149688787
223.872113856834
251.18864315095823
281.8382931264455
316.22776601683796
354.8133892335753
398.1071705534973
446.6835921509635
501.18723362727246
562.341325190349
630.957344480193
707.945784384138
794.3282347242822
891.2509381337459
1000.
1122.018454301964
1258.9254117941675
1412.537544622754
1584.893192461114
1778.2794100389228
1995.262314968881
2238.72113856834
2511.886431509582
2818.382931264455
3162.2776601683795