  1.492548261687702E-003  9.343850138438348E-012
  2.983603963819610E-003  1.699596917123073E-011
  4.474659492196041E-003  2.325753325705835E-011
  5.965715020572471E-003  2.832183807674223E-011
  7.456771243970812E-003  3.236191339744321E-011
  8.947826772347242E-003  3.552374871084104E-011
  1.043888230072367E-002  3.792934929253288E-011
  1.192993852412202E-002  3.968139918573215E-011
  1.342099405249845E-002  4.086811190688847E-011
  1.491204958087488E-002  4.156648809259963E-011
  1.640310510925131E-002  4.184521173216308E-011
  1.789416063762774E-002  4.176621630930994E-011
  1.938521616600417E-002  4.138601748608387E-011
  2.087627308442442E-002  4.075643181253744E-011
  2.236732861280085E-002  3.992497179262144E-011
  2.385838414117728E-002  3.893475623269020E-011
  2.534943966955371E-002  3.782518916315994E-011
  2.684049519793014E-002  3.663201639784234E-011
  2.833155072630657E-002  3.538543662515415E-011
  2.982260625468300E-002  3.411475899972641E-011
  3.131366178305943E-002  3.284083271775270E-011
  3.280471731143586E-002  3.158769364065554E-011
  3.429577283981229E-002  3.036786417020905E-011
  3.578682836818872E-002  2.919422252847157E-011
  3.727788389656515E-002  2.807800055622327E-011
  3.876893942494158E-002  2.702733468542343E-011
  4.025999773340566E-002  2.604641802257332E-011
  4.175105326178209E-002  2.513661248909945E-011
  4.324210879015852E-002  2.429659862083667E-011
  4.473316431853495E-002  2.352413013545284E-011
  4.622421984691139E-002  2.281801964231303E-011
  4.771527259520016E-002  2.217729049547062E-011
  4.920632812357659E-002  2.160400343435462E-011
  5.069738921212832E-002  2.109254340541746E-011
  5.218844474050475E-002  2.062395521631011E-011
  5.367950026888118E-002  2.019216163173805E-011
  5.517055579725761E-002  1.980018192118857E-011
  5.666161132563404E-002  1.943971425205548E-011
  5.815266685401047E-002  1.910346672021363E-011
  5.964372238238690E-002  1.878477696557205E-011
  6.113477791076333E-002  1.847819813093966E-011
  6.262583343913976E-002  1.817908195910793E-011
  6.411688896751619E-002  1.788342327131150E-011
  6.560794449589262E-002  1.758798665991990E-011
  6.709900002426905E-002  1.728689398341648E-011
  6.859005555264548E-002  1.697691251277970E-011
  7.008111108102191E-002  1.665770532785873E-011
  7.157216660939834E-002  1.632697230285096E-011
  7.306322213777477E-002  1.598399911949923E-011
  7.455427766615121E-002  1.562946227319971E-011
  7.604533319452764E-002  1.526345924781246E-011
  7.753638872290407E-002  1.488776685109387E-011
  7.902744425128050E-002  1.450449941276629E-011
  8.051849977965693E-002  1.411489361983840E-011
  8.200955530803336E-002  1.372228961369955E-011
  8.350061083640979E-002  1.332982651930783E-011
  8.499166636478622E-002  1.293847979539731E-011
  8.648272189316264E-002  1.255145451654321E-011
  8.797377742153907E-002  1.217173563312539E-011
  8.946483294991550E-002  1.180068370693350E-011
  9.095588847829193E-002  1.144045610383903E-011
  9.244694400666836E-002  1.109300192263231E-011
  9.393800509522009E-002  1.076021868965900E-011
  9.542905506342123E-002  1.044360383088356E-011
  9.692011615197295E-002  1.014421264374299E-011
  9.841116612017409E-002  9.863093177666365E-012
  9.990222720872581E-002  9.600971395825587E-012
  0.101393277176927       9.357843753947315E-012
  0.102884338265479       9.133637871867049E-012
  0.104375388233680       8.928919023842515E-012
  0.105866449322232       8.742578239203169E-012
  0.107357499290433       8.573114711337631E-012
  0.108848560378984       8.419505563855971E-012
  0.110339610347186       8.281048501629813E-012
  0.111830671435737       8.155529419402956E-012
  0.113321721403938       8.040894773727165E-012
  0.114812782492490       7.935858034452737E-012
  0.116303832460691       7.838999292419834E-012
  0.117794893549243       7.748455395317150E-012
  0.119285943517444       7.662562289425795E-012
  0.120777004605996       7.579743216850055E-012
  0.122268054574197       7.498606174971080E-012
  0.123759115662749       7.417921976276878E-012
  0.125250176751300       7.336572963720231E-012
  0.126741226719502       7.253540007024353E-012
  0.128232287808053       7.167991788236805E-012
  0.129723337776254       7.079209715087442E-012
  0.131214398864806       6.986433508464593E-012
  0.132705448833007       6.889321434723536E-012
  0.134196509921559       6.787783631016235E-012
  0.135687559889760       6.681744413020432E-012
  0.137178620978312       6.571184428295921E-012
  0.138669670946513       6.456671640782067E-012
  0.140160732035065       6.338810977388925E-012
  0.141651782003266       6.217866802305845E-012
  0.143142843091818       6.094277824924957E-012
  0.144633893060019       5.969253526743657E-012
  0.146124954148570       5.843847266597906E-012
  0.147616004116772       5.718184720090448E-012
  0.149107065205323       5.592903138266113E-012
  0.150598115173524       5.468952357277900E-012
  0.152089176262076       5.347160390915677E-012
  0.153580226230277       5.228285888122792E-012
  0.155071287318829       5.112957791477000E-012
  0.156562337287030       5.001705882431186E-012
  0.158053398375582       4.894990943597625E-012
  0.159544448343783       4.793201457895488E-012
  0.161035509432335       4.696627378012847E-012
  0.162526559400536       4.605524379390277E-012
  0.164017620489088       4.520267404387885E-012
  0.165508670457289       4.440822807053597E-012
  0.166999731545840       4.367039494740014E-012
  0.168490781514042       4.298798977983085E-012
  0.169981842602593       4.235871245016616E-012
  0.171472903691145       4.177804515333477E-012
  0.172963953659346       4.124177846747857E-012
  0.174455014747898       4.074714085211953E-012
  0.175946064716099       4.028972647191288E-012
  0.177437125804651       3.986390009700858E-012
  0.178928175772852       3.946457318833101E-012
  0.180419236861404       3.908729448398414E-012
  0.181910286829605       3.872735322227809E-012
  0.183401347918156       3.838027562936634E-012
  0.184892397886358       3.804179206633416E-012
  0.186383458974909       3.770762746658017E-012
  0.187874520063461       3.737405389641366E-012
  0.189365558911312       3.703765027662916E-012
  0.190856619999863       3.669486023702591E-012
  0.192347681088415       3.634282964137346E-012
  0.193838742176967       3.597927139810243E-012
  0.195329781024817       3.560215310679010E-012
  0.196820842113369       3.521023522016685E-012
  0.198311903201921       3.480320735226334E-012
  0.199802964290473       3.438090333870266E-012
  0.201294003138323       3.394325958045527E-012
  0.202785064226875       3.349156866314130E-012
  0.204276125315427       3.302798565067163E-012
  0.205767186403978       3.255449112729653E-012
  0.207258225251829       3.207224667680831E-012
  0.208749286340381       3.158384195424011E-012
  0.210240347428932       3.109224895544550E-012
  0.211731408517484       3.060004336847473E-012
  0.213222447365335       3.010934670718296E-012
  0.214713508453886       2.962269852683069E-012
  0.216204569542438       2.914246515098669E-012
  0.217695630630990       2.867086399299564E-012
  0.219186691719541       2.820993821290432E-012
  0.220677730567392       2.776143324866538E-012
  0.222168791655944       2.732688876132487E-012
  0.223659852744495       2.690779697824276E-012
  0.225150913833047       2.650528259478721E-012
  0.226641952680898       2.612028251130388E-012
  0.228133013769449       2.575341141135466E-012
  0.229624074858001       2.540452535072648E-012
  0.231115135946553       2.507357085736648E-012
  0.232606174794403       2.476050125582492E-012
  0.234097235882955       2.446504544830528E-012
  0.235588296971507       2.418608355271196E-012
  0.237079358060059       2.392234918319456E-012
  0.238570396907909       2.367278318154470E-012
  0.240061457996461       2.343688517893452E-012
  0.241552519085013       2.321312591735049E-012
  0.243043580173564       2.299987395108708E-012
  0.244534619021415       2.279568818383138E-012
  0.246025680109967       2.259917331201567E-012
  0.247516741198518       2.240879683716160E-012
  0.249007802287070       2.222311429850846E-012
  0.250498841134921       2.204063043265761E-012
  0.251989902223472       2.185993220380226E-012
  0.253480963312024       2.167975975716421E-012
  0.254972024400576       2.149889369154159E-012
  0.256463063248426       2.131609309219060E-012
  0.257954124336978       2.113045059815913E-012
  0.259445185425530       2.094116850452313E-012
  0.260936246514081       2.074778508621649E-012
  0.262427285361932       2.055028937359385E-012
  0.263918346450484       2.034849602852834E-012
  0.265409407539035       2.014226998133687E-012
  0.266900468627587       1.993195923982004E-012
  0.268391529716139       1.971818642619746E-012
  0.269882568563989       1.950150679018410E-012
  0.271373629652541       1.928238082659502E-012
  0.272864690741093       1.906131939738224E-012
  0.274355751829645       1.883921195720169E-012
  0.275846790677495       1.861691658529881E-012
  0.277337851766047       1.839492337737970E-012
  0.278828912854599       1.817374657187085E-012
  0.280319973943150       1.795415115578177E-012
  0.281811012791001       1.773684957558177E-012
  0.283302073879553       1.752252353612181E-012
  0.284793134968104       1.731180158281171E-012
  0.286284196056656       1.710525071359866E-012
  0.287775234904507       1.690340515224659E-012
  0.289266295993058       1.670675389564411E-012
  0.290757357081610       1.651571472780834E-012
  0.292248418170162       1.633066368697619E-012
  0.293739457018012       1.615189956314218E-012
  0.295230518106564       1.597950574800938E-012
  0.296721579195116       1.581352073233216E-012
  0.298212640283668       1.565395384184666E-012
  0.299703679131518       1.550057447948854E-012
  0.301194740220070       1.535303837103706E-012
  0.302685801308621       1.521103159248103E-012
  0.304176862397173       1.507424369054412E-012
  0.305667901245024       1.494223270691784E-012
  0.307158962333575       1.481448907140526E-012
  0.308650023422127       1.469053827047355E-012
  0.310141084510679       1.456995149921993E-012
  0.311632123358530       1.445227524763849E-012
  0.313123184447081       1.433705528897567E-012
  0.314614245535633       1.422386377508635E-012
  0.316105306624185       1.411227828466599E-012
  0.317596367712736       1.400190978558139E-012
  0.319087406560587       1.389239444685390E-012
  0.320578467649139       1.378337346695365E-012
  0.322069528737690       1.367451839374278E-012
  0.323560589826242       1.356553615379461E-012
  0.325051628674093       1.345615516733507E-012
  0.326542689762644       1.334617518157632E-012
  0.328033750851196       1.323547149742398E-012
  0.329524811939748       1.312392802243930E-012
  0.331015850787598       1.301145529512411E-012
  0.332506911876150       1.289809745031059E-012
  0.333997972964702       1.278396484246249E-012
  0.335489034053254       1.266916228612003E-012
  0.336980072901104       1.255383144469613E-012
  0.338471133989656       1.243819090839758E-012
  0.339962195078208       1.232246152470854E-012
  0.341453256166759       1.220685845519025E-012
  0.342944295014610       1.209166727380707E-012
  0.344435356103162       1.197713116153746E-012
  0.345926417191713       1.186347031933722E-012
  0.347417478280265       1.175089274936957E-012
  0.348908517128116       1.163959912022566E-012
  0.350399578216667       1.152976549826642E-012
  0.351890639305219       1.142156072040026E-012
  0.353381700393771       1.131514524213149E-012
  0.354872739241621       1.121066070678283E-012
  0.356363800330173       1.110822896732720E-012
  0.357854861418725       1.100795445763598E-012
  0.359345922507276       1.090985656560666E-012
  0.360836961355127       1.081399244201815E-012
  0.362328022443679       1.072042010086418E-012
  0.363819083532230       1.062916992538490E-012
  0.365310144620782       1.054018336539438E-012
  0.366801205709334       1.045339703505831E-012
  0.368292244557184       1.036875153316959E-012
  0.369783305645736       1.028617004311387E-012
  0.371274366734288       1.020552446264855E-012
  0.372765427822840       1.012668083520231E-012
  0.374256466670690       1.004950417559186E-012
  0.375747527759242       9.973820710885219E-013
  0.377238588847794       9.899475909437305E-013
  0.378729649936345       9.826323779424700E-013
  0.380220711024897       9.754222579274871E-013
  0.381711772113449       9.683036539504820E-013
  0.383202788720598       9.612641076451801E-013
  0.384693849809150       9.542911143186654E-013
  0.386184910897702       9.473731955348460E-013
  0.387675971986253       9.404997495719071E-013
  0.389167033074805       9.336608363190080E-013
  0.390658094163357       9.268486028773088E-013
  0.392149155251909       9.200591970235323E-013
  0.393640216340460       9.132857146205651E-013
  0.395131232947610       9.065215970633462E-013
  0.396622294036161       8.997620054920714E-013
  0.398113355124713       8.930068939338212E-013
  0.399604416213265       8.862563872299926E-013
  0.401095477301816       8.795107183027853E-013
  0.402586538390368       8.727723076957642E-013
  0.404077599478920       8.660458064061287E-013
  0.405568660567472       8.593357653350632E-013
  0.407059677174621       8.526494861259770E-013
  0.408550738263173       8.459974698198831E-013
  0.410041799351724       8.393862066672795E-013
  0.411532860440276       8.328215891665028E-013
  0.413023921528828       8.263119221311368E-013
  0.414514982617380       8.198642325973113E-013
  0.416006043705931       8.134838756974012E-013
  0.417497104794483       8.071759015812497E-013
  0.418988165883035       8.009445173290319E-013
  0.420479182490184       7.947930570116797E-013
  0.421970243578736       7.887240539881496E-013
  0.423461304667288       7.827395893359638E-013
  0.424952365755839       7.768410339038065E-013
  0.426443426844391       7.710307126162851E-013
  0.427934487932943       7.653107412412392E-013
  0.429425549021495       7.596816073762360E-013
  0.430916610110046       7.541430959968205E-013
  0.432407626717196       7.486953137234243E-013
  0.433898687805747       7.433382604071851E-013
  0.435389748894299       7.380719635834369E-013
  0.436880809982851       7.328932469814087E-013
  0.438371871071403       7.277988538497507E-013
  0.439862932159954       7.227844678186559E-013
  0.441353993248506       7.178442749152615E-013
  0.442845054337058       7.129729817181082E-013
  0.444336070944207       7.081655424024784E-013
  0.445827132032759       7.034155499893934E-013
  0.447318193121311       6.987178667665452E-013
  0.448809254209862       6.940676979329653E-013
  0.450300315298414       6.894603567301545E-013
  0.451791376386966       6.848917191109441E-013
  0.453282437475517       6.803585218520202E-013
  0.454773498564069       6.758576869616801E-013
  0.456264515171219       6.713890498010782E-013
  0.457755576259770       6.669511929577162E-013
  0.459246637348322       6.625414239494868E-013
  0.460737698436874       6.581574096893637E-013
  0.462228759525425       6.537993578234817E-013
  0.463719820613977       6.494661134922974E-013
  0.465210881702529       6.451561830141651E-013
  0.466701942791081       6.408675784927271E-013
  0.468193003879632       6.365990343158949E-013
  0.469684020486782       6.323512146525537E-013
  0.471175081575333       6.281244040325608E-013
  0.472666142663885       6.239192540539999E-013
  0.474157203752437       6.197363348039576E-013
  0.475648264840989       6.155762040161369E-013
  0.477139325929540       6.114406804273782E-013
  0.478630387018092       6.073365522373393E-013
  0.480121448106644       6.032661675815111E-013
  0.481612464713793       5.992312517767142E-013
  0.483103525802345       5.952330859468422E-013
  0.484594586890897       5.912732322535064E-013
  0.486085647979448       5.873530541798926E-013
  0.487576709068000       5.834738402865625E-013
  0.489067770156552       5.796368070166432E-013
  0.490558831245103       5.758431014561581E-013
  0.492049892333655       5.720938040471733E-013
  0.493540908940805       5.683881309845007E-013
  0.495031970029356       5.647211455915784E-013
  0.496523031117908       5.610940882969854E-013
  0.498014092206460       5.575084529105168E-013
  0.499505153295011       5.539643816759862E-013
  0.500996214383563       5.504607126581234E-013
  0.502487275472115       5.469967279165367E-013
  0.503978336560667       5.435719209034702E-013
  0.505469397649218       5.401870965722327E-013
  0.506960414256368       5.368414369603676E-013
  0.508451475344920       5.335334217440058E-013
  0.509942536433471       5.302619233462213E-013
  0.511433597522023       5.270254057996339E-013
  0.512924658610575       5.238219189402172E-013
  0.514415719699126       5.206495712165172E-013
  0.515906780787678       5.175065383174897E-013
  0.517397841876230       5.143910610371146E-013
  0.518888858483379       5.113015350447934E-013
  0.520379919571931       5.082361410547255E-013
  0.521870980660483       5.051933959337640E-013
  0.523362041749034       5.021717815610217E-013
  0.524853102837586       4.991698357095789E-013
  0.526344163926138       4.961878231368961E-013
  0.527835225014689       4.932271527401479E-013
  0.529326286103241       4.902867436311583E-013
  0.530817302710391       4.873656608482322E-013
  0.532308363798942       4.844641077464154E-013
  0.533799424887494       4.815823949179107E-013
  0.535290485976046       4.787203230818905E-013
  0.536781547064598       4.758775621530150E-013
  0.538272608153149       4.730535645667721E-013
  0.539763669241701       4.702484761272638E-013
  0.541254730330253       4.674624952667820E-013
  0.542745746937402       4.646954588405760E-013
  0.544236808025954       4.619468189542597E-013
  0.545727869114506       4.592166962941034E-013
  0.547218930203057       4.565052431864525E-013
  0.548709991291609       4.538141049556274E-013
  0.550201052380161       4.511441620378720E-013
  0.551692113468712       4.484958641784492E-013
  0.553183174557264       4.458696239591902E-013
  0.554674235645816       4.432658341484953E-013
  0.556165252252965       4.406850047936427E-013
  0.557656313341517       4.381273958354287E-013
  0.559147374430069       4.355935615860044E-013
  0.560638435518620       4.330835900689350E-013
  0.562129496607172       4.305973594236675E-013
  0.563620557695724       4.281345683466650E-013
  0.565111618784276       4.256937361686632E-013
  0.566602679872827       4.232744384657400E-013
  0.568093696479977       4.208766006002129E-013
  0.569584757568528       4.184999046511138E-013
  0.571075818657080       4.161440439871939E-013
  0.572566879745632       4.138085598151759E-013
  0.574057940834184       4.114930220809427E-013
  0.575549001922735       4.091977169333921E-013
  0.577040063011287       4.069225954661148E-013
  0.578531124099839       4.046672385617974E-013
  0.580022140706988       4.024313575505193E-013
  0.581513201795540       4.002146303529186E-013
  0.583004262884092       3.980166236102341E-013
  0.584495323972643       3.958368084255592E-013
  0.585986385061195       3.936743260480637E-013
  0.587477446149747       3.915282530913970E-013
  0.588968507238299       3.893981986991354E-013
  0.590459568326850       3.872837486256676E-013
  0.591950584934000       3.851838951714650E-013
  0.593441646022551       3.830978318511312E-013
  0.594932707111103       3.810252014191902E-013
  0.596423768199655       3.789659879271771E-013
  0.597914829288206       3.769211119980993E-013
  0.599405890376758       3.748901681946544E-013
  0.600896951465310       3.728726430869377E-013
  0.602388012553862       3.708688839737507E-013
  0.603879073642413       3.688794916759210E-013
  0.605370090249563       3.669044466647251E-013
  0.606861151338114       3.649435035500142E-013
  0.608352212426666       3.629961738435040E-013
  0.609843273515218       3.610623568394200E-013
  0.611334334603770       3.591420898803212E-013
  0.612825395692321       3.572352182448181E-013
  0.614316456780873       3.553412630434402E-013
  0.615807517869425       3.534601551305376E-013
  0.617298534476574       3.515919041502176E-013
  0.618789595565126       3.497366149896000E-013
  0.620280656653678       3.478944792035348E-013
  0.621771717742229       3.460654580872752E-013
  0.623262778830781       3.442496453095696E-013
  0.624753839919333       3.424478771229684E-013
  0.626244901007885       3.406602538044523E-013
  0.627735962096436       3.388867116148917E-013
  0.629226978703586       3.371272820903074E-013
  0.630718039792137       3.353818585691770E-013
  0.632209100880689       3.336504039844307E-013
  0.633700161969241       3.319328134595477E-013
  0.635191223057793       3.302285628943361E-013
  0.636682284146344       3.285372789766755E-013
  0.638173345234896       3.268587725837580E-013
  0.639664406323448       3.251928582341613E-013
  0.641155422930597       3.235394031534932E-013
  0.642646484019149       3.218981302592206E-013
  0.644137545107700       3.202689140425452E-013
  0.645628606196252       3.186515828219600E-013
  0.647119667284804       3.170459681838209E-013
  0.648610728373356       3.154519049130001E-013
  0.650101789461907       3.138692309252280E-013
  0.651592850550459       3.122977872010546E-013
  0.653083911639011       3.107374177213895E-013
  0.654574928246160       3.091880154664049E-013
  0.656065989334712       3.076493377877433E-013
  0.657557050423264       3.061212836811335E-013
  0.659048111511815       3.046037085144629E-013
  0.660539172600367       3.030964703559713E-013
  0.662030233688919       3.015994299184289E-013
  0.663521294777471       3.001124505046134E-013
  0.665012355866022       2.986353979540605E-013
  0.666503372473172       2.971681842175243E-013
  0.667994433561723       2.957105925138090E-013
  0.669485494650275       2.942625399020968E-013
  0.670976555738827       2.928239018606175E-013
  0.672467616827379       2.913945561560091E-013
  0.673958677915930       2.899743827970067E-013
  0.675449739004482       2.885632639891944E-013
  0.676940800093034       2.871610840907714E-013
  0.678431816700183       2.857677710054184E-013
  0.679922877788735       2.843831301373531E-013
  0.681413938877287       2.830070937447515E-013
  0.682904999965838       2.816395543735259E-013
  0.684396061054390       2.802804371158217E-013
  0.685887122142942       2.789306805095166E-013
  0.687378183231493       2.775906727944176E-013
  0.688869244320045       2.762602853837554E-013
  0.690360260927195       2.749394311931347E-013
  0.691851322015746       2.736279072602434E-013
  0.693342383104298       2.723256311257969E-013
  0.694833444192850       2.710324828925679E-013
  0.696324505281401       2.697483447300061E-013
  0.697815566369953       2.684731008338321E-013
  0.699306627458505       2.672066373865375E-013
  0.700797688547057       2.659488425187596E-013
  0.702288749635608       2.646996062715107E-013
  0.703779766242758       2.634588574494399E-013
  0.705270827331309       2.622264157765821E-013
  0.706761888419861       2.610022139473526E-013
  0.708252949508413       2.597861492829145E-013
  0.709744010596965       2.585781208380683E-013
  0.711235071685516       2.573780293681912E-013
  0.712726132774068       2.561857772968853E-013
  0.714217193862620       2.550012686843254E-013
  0.715708210469769       2.538244441912559E-013
  0.717199271558321       2.526551408447870E-013
  0.718690332646873       2.514933026533659E-013
  0.720181393735424       2.503388399203064E-013
  0.721672454823976       2.491916644371464E-013
  0.723163515912528       2.480516894558442E-013
  0.724654577001079       2.469188296615631E-013
  0.726145638089631       2.457930011460306E-013
  0.727636654696781       2.446741546570995E-013
  0.729127715785332       2.435621422669794E-013
  0.730618776873884       2.424569176144566E-013
  0.732109837962436       2.413584021620722E-013
  0.733600899050987       2.402665186538613E-013
  0.735091960139539       2.391811910918773E-013
  0.736583021228091       2.381023447132035E-013
  0.738074082316643       2.370299059674283E-013
  0.739565098923792       2.359638973853969E-013
  0.741056160012344       2.349046358088614E-013
  0.742547221100895       2.338521766171701E-013
  0.744038282189447       2.328064563514927E-013
  0.745529343277999       2.317674123351032E-013
  0.747020404366551       2.307349826616709E-013
  0.748511420973700       2.297091366906103E-013
  0.750002526543654       2.286897225015119E-013
  0.751493543150804       2.276768020745756E-013
  0.752984648720758       2.266701955960666E-013
  0.754475665327907       2.256699649582410E-013
  0.755966770897861       2.246759332808298E-013
  0.757457787505010       2.236881623537571E-013
  0.758948804112160       2.227065365486340E-013
  0.760439909682114       2.217309423774496E-013
  0.761930926289263       2.207614414513197E-013
  0.763422031859217       2.197978639265974E-013
  0.764913048466367       2.188402712793741E-013
  0.766404154036321       2.178884963671398E-013
  0.767895170643470       2.169426005191047E-013
  0.769386276213424       2.160024192318897E-013
  0.770877292820574       2.150680136766157E-013
  0.772368309427723       2.141392771745827E-013
  0.773859414997677       2.132161049910351E-013
  0.775350431604826       2.122985580402873E-013
  0.776841537174780       2.113864781572742E-013
  0.778332553781930       2.104799260728406E-013
  0.779823659351884       2.095787460579640E-013
  0.781314675959033       2.086829986508513E-013
  0.782805692566183       2.077925834734520E-013
  0.784296798136137       2.069074019550097E-013
  0.785787814743286       2.060275143287277E-013
  0.787278920313240       2.051527707214928E-013
  0.788769936920390       2.042832311531891E-013
  0.790261042490344       2.034187480033929E-013
  0.791752059097493       2.025593810712312E-013
  0.793243164667447       2.017049849398860E-013
  0.794734181274596       2.008556191807299E-013
  0.796225197881746       2.000111907699240E-013
  0.797716303451700       1.991716083332790E-013
  0.799207320058849       1.983369503585718E-013
  0.800698425628803       1.975071210451796E-013
  0.802189442235953       1.966821841180117E-013
  0.803680547805907       1.958620046728809E-013
  0.805171564413056       1.950466444542783E-013
  0.806662669983010       1.942359703712091E-013
  0.808153686590160       1.934300436969269E-013
  0.809644703197309       1.926287807915418E-013
  0.811135808767263       1.918320994507751E-013
  0.812626825374412       1.910400602457537E-013
  0.814117930944366       1.902525344812859E-013
  0.815608947551516       1.894695822636299E-013
  0.817100053121470       1.886910766028216E-013
  0.818591069728619       1.879170771428879E-013
  0.820082086335769       1.871475043555230E-013
  0.821573191905723       1.863822800677607E-013
  0.823064208512872       1.856214632353211E-013
  0.824555314082826       1.848649310041029E-013
  0.826046330689976       1.841127418743662E-013
  0.827537436259930       1.833647745970963E-013
  0.829028452867079       1.826210872198707E-013
  0.830519558437033       1.818815600714930E-013
  0.832010575044183       1.811462507496636E-013
  0.833501591651332       1.804150846369586E-013
  0.834992697221286       1.796879883760876E-013
  0.836483713828435       1.789650188952758E-013
  0.837974819398389       1.782460603522579E-013
  0.839465836005539       1.775311692325336E-013
  0.840956941575493       1.768202311806121E-013
  0.842447958182642       1.761133022421706E-013
  0.843939063752596       1.754102695236812E-013
  0.845430080359746       1.747111886339272E-013
  0.846921096966895       1.740159894814431E-013
  0.848412202536849       1.733246031478458E-013
  0.849903219143998       1.726370845921125E-013
  0.851394324713953       1.719533244703527E-013
  0.852885341321102       1.712733773120475E-013
  0.854376446891056       1.705971351523546E-013
  0.855867463498205       1.699246520942434E-013
  0.857358480105355       1.692558613236499E-013
  0.858849585675309       1.685906971369926E-013
  0.860340602282458       1.679292130031052E-013
  0.861831707852412       1.672713043067971E-013
  0.863322724459562       1.666170236908826E-013
  0.864813830029516       1.659662674485784E-013
  0.866304846636665       1.653190884497879E-013
  0.867795952206619       1.646753848946462E-013
  0.869286968813769       1.640352092312868E-013
  0.870777985420918       1.633984987952407E-013
  0.872269090990872       1.627651919523551E-013
  0.873760107598021       1.621353405200004E-013
  0.875251213167975       1.615088457825711E-013
  0.876742229775125       1.608857591411511E-013
  0.878233335345079       1.602659830800723E-013
  0.879724351952228       1.596495685874997E-013
  0.881215368559378       1.590364558128075E-013
  0.882706474129332       1.584265858830441E-013
  0.884197490736481       1.578200091732958E-013
  0.885688596306435       1.572166310864819E-013
  0.887179612913584       1.566165015931437E-013
  0.888670718483539       1.560195272320674E-013
  0.890161735090688       1.554257575725808E-013
  0.891652840660642       1.548351002718031E-013
  0.893143857267791       1.542476045011628E-013
  0.894634873874941       1.536632137948690E-013
  0.896125979444895       1.530818726018752E-013
  0.897616996052044       1.525036295029543E-013
  0.899108101621998       1.519283948764839E-013
  0.900599118229148       1.513562169135662E-013
  0.902090223799102       1.507870070520947E-013
  0.903581240406251       1.502208130967675E-013
  0.905072345976205       1.496575475288904E-013
  0.906563362583355       1.490972577700055E-013
  0.908054379190504       1.485398904980226E-013
  0.909545484760458       1.479853932475608E-013
  0.911036501367607       1.474338128714905E-013
  0.912527606937562       1.468850643911120E-013
  0.914018623544711       1.463391942841919E-013
  0.915509729114665       1.457961185613786E-013
  0.917000745721814       1.452558833285247E-013
  0.918491762328964       1.447184375551300E-013
  0.919982867898918       1.441837310253610E-013
  0.921473884506067       1.436518092931455E-013
  0.922964990076021       1.431225907782739E-013
  0.924456006683171       1.425961206706566E-013
  0.925947112253125       1.420723183287582E-013
  0.927438128860274       1.415512285815949E-013
  0.928929234430228       1.410327717124146E-013
  0.930420251037377       1.405169921924476E-013
  0.931911267644527       1.400038416192987E-013
  0.933402373214481       1.394932719239678E-013
  0.934893389821630       1.389853268396113E-013
  0.936384495391584       1.384799287394880E-013
  0.937875511998734       1.379771210556730E-013
  0.939366617568688       1.374768270472940E-013
  0.940857634175837       1.369790898075682E-013
  0.942348739745791       1.364838334683157E-013
  0.943839756352941       1.359911007866898E-013
  0.945330772960090       1.355008459321468E-013
  0.946821878530044       1.350130237949252E-013
  0.948312895137193       1.345276766333008E-013
  0.949804000707148       1.340447307047366E-013
  0.951295017314297       1.335642279383745E-013
  0.952786122884251       1.330860954201181E-013
  0.954277139491400       1.326103747527222E-013
  0.955768156098550       1.321370220110619E-013
  0.957259261668504       1.316659939562538E-013
  0.958750278275653       1.311973317065913E-013
  0.960241383845607       1.307309643664789E-013
  0.961732400452757       1.302669327346198E-013
  0.963223506022711       1.298051667023533E-013
  0.964714522629860       1.293457067514839E-013
  0.966205628199814       1.288884835489030E-013
  0.967696644806963       1.284335372621912E-013
  0.969187661414113       1.279808262676017E-013
  0.970678766984067       1.275303095861820E-013
  0.972169783591216       1.270820269191615E-013
  0.973660889161170       1.266359108238229E-013
  0.975151905768320       1.261920006937859E-013
  0.976643011338274       1.257502298236170E-013
  0.978134027945423       1.253106373019426E-013
  0.979625044552573       1.248731831876607E-013
  0.981116150122527       1.244378281543566E-013
  0.982607166729676       1.240046108380400E-013
  0.984098272299630       1.235734663309326E-013
  0.985589288906780       1.231444329705170E-013
  0.987080394476734       1.227174465503392E-013
  0.988571411083883       1.222925451119098E-013
  0.990062516653837       1.218696651402287E-013
  0.991553533260986       1.214488443833708E-013
  0.993044549868136       1.210300449360666E-013
  0.994535655438090       1.206132294715405E-013
  0.996026672045239       1.201984353024382E-013
  0.997517777615193       1.197856006003069E-013
  0.999008794222343       1.193747623906216E-013
   1.00049989979230       1.189658595031566E-013
   1.00199091639945       1.185589286786905E-013
   1.00348202196940       1.181539093960964E-013
   1.00497303857655       1.177508381139134E-013
   1.00646405518370       1.173496788213276E-013
   1.00795516075365       1.169503960572938E-013
   1.00944617736080       1.165530259156350E-013
   1.01093728293076       1.161575095157179E-013
   1.01242829953791       1.157638826764869E-013
   1.01391940510786       1.153720871331734E-013
   1.01541042171501       1.149821584284088E-013
   1.01690143832216       1.145940620066178E-013
   1.01839254389211       1.142077638315537E-013
   1.01988356049926       1.138232990359357E-013
   1.02137466606922       1.134406108584766E-013
   1.02286568267637       1.130597341616251E-013
   1.02435678824632       1.126806127713777E-013
   1.02584780485347       1.123032812822967E-013
   1.02733891042342       1.119276840997978E-013
   1.02882992703057       1.115538555529182E-013
   1.03032094363772       1.111817627684188E-013
   1.03181204920768       1.108113733631729E-013
   1.03330306581483       1.104427212723192E-013
   1.03479417138478       1.100757523162509E-013
   1.03628518799193       1.097105001703995E-013
   1.03777629356188       1.093469112080551E-013
   1.03926731016903       1.089850188472358E-013
   1.04075841573899       1.086247700068251E-013
   1.04224943234614       1.082661978497003E-013
   1.04374044895328       1.079092710806058E-013
   1.04523155452324       1.075539588671810E-013
   1.04672257113039       1.072002939938119E-013
   1.04821367670034       1.068482247121870E-013
   1.04970469330749       1.064977835571481E-013
   1.05119579887745       1.061489193013375E-013
   1.05268681548460       1.058016642322565E-013
   1.05417783209174       1.054559882148495E-013
   1.05566893766170       1.051118615570621E-013
   1.05715995426885       1.047693161794802E-013
   1.05865105983880       1.044283021276692E-013
   1.06014207644595       1.040888510803016E-013
   1.06163318201591       1.037509135806138E-013
   1.06312419862306       1.034145210675007E-013
   1.06461530419301       1.030796245754542E-013
   1.06610632080016       1.027462553057103E-013
   1.06759733740731       1.024143845345251E-013
   1.06908844297726       1.020839839571046E-013
   1.07057945958441       1.017550844221298E-013
   1.07207056515437       1.014276381648154E-013
   1.07356158176151       1.011016758013954E-013
   1.07505268733147       1.007771500366711E-013
   1.07654370393862       1.004540912564825E-013
   1.07803480950857       1.001324526292431E-013
   1.07952582611572       9.981226431243187E-014
   1.08101684272287       9.949349890932045E-014
   1.08250794829283       9.917612941966743E-014
   1.08399896489997       9.886018566218574E-014
   1.08549007046993       9.854562193878914E-014
   1.08698108707708       9.823246795988040E-014
   1.08847219264703       9.792067888309262E-014
   1.08996320925418       9.761028414013421E-014
   1.09145422586133       9.730125733536712E-014
   1.09294533143128       9.699357245277200E-014
   1.09443634803843       9.668725855980132E-014
   1.09592745360839       9.638227150823002E-014
   1.09741847021554       9.607864014773531E-014
   1.09890957578549       9.577632075351716E-014
   1.10040059239264       9.547534195940969E-014
   1.10189169796260       9.517566045880818E-014
   1.10338271456974       9.487730467161819E-014
   1.10487373117689       9.458024938968797E-014
   1.10636483674685       9.428446976467206E-014
   1.10785585335400       9.398999389913604E-014
   1.10934695892395       9.369677950959766E-014
   1.11083797553110       9.340485448940082E-014
   1.11232908110105       9.311417695557179E-014
   1.11382009770820       9.282477459408413E-014
   1.11531111431535       9.253662307321756E-014
   1.11680221988531       9.224969840651813E-014
   1.11829323649246       9.196402797234181E-014
   1.11978434206241       9.167957086776722E-014
   1.12127535866956       9.139635426833159E-014
   1.12276646423951       9.111433765484260E-014
   1.12425748084666       9.083354800181056E-014
   1.12574858641662       9.055394516913549E-014
   1.12723960302377       9.027555593207573E-014
   1.12873061963092       8.999835702898642E-014
   1.13022172520087       8.972232552583932E-014
   1.13171274180802       8.944748790230432E-014
   1.13320384737797       8.917380494617539E-014
   1.13469486398512       8.890130294222995E-014
   1.13618596955508       8.862994304166238E-014
   1.13767698616223       8.835975133607321E-014
   1.13916809173218       8.809068933572167E-014
   1.14065910833933       8.782278294072935E-014
   1.14215012494648       8.755600989970143E-014
   1.14364123051643       8.729034827229987E-014
   1.14513224712358       8.702582367458098E-014
   1.14662335269354       8.676239849590024E-014
   1.14811436930069       8.650009816501181E-014
   1.14960547487064       8.623888541564935E-014
   1.15109649147779       8.597878549090616E-014
   1.15258750808494       8.571977688636595E-014
   1.15407861365489       8.546183839649431E-014
   1.15556963026204       8.520499498894219E-014
   1.15706073583200       8.494921024074837E-014
   1.15855175243915       8.469450893794128E-014
   1.16004285800910       8.444085498798005E-014
   1.16153387461625       8.418827299685854E-014
   1.16302498018620       8.393672719859747E-014
   1.16451599679335       8.368624202072820E-014
   1.16600701340050       8.343679687247177E-014
   1.16749811897046       8.318837144712522E-014
   1.16898913557761       8.294098990744474E-014
   1.17048024114756       8.269461728732326E-014
   1.17197125775471       8.244927757492021E-014
   1.17346236332466       8.220493610351958E-014
   1.17495337993181       8.196161647920201E-014
   1.17644448550177       8.171928424210648E-014
   1.17793550210892       8.147796297544554E-014
   1.17942651871607       8.123763289350183E-014
   1.18091762428602       8.099827448179506E-014
   1.18240864089317       8.075991107270537E-014
   1.18389974646312       8.052250902666080E-014
   1.18539076307027       8.028609151060315E-014
   1.18688186864023       8.005062518465023E-014
   1.18837288524738       7.981613305171795E-014
   1.18986390185453       7.958259597392425E-014
   1.19135500742448       7.934999507416144E-014
   1.19284602403163       7.911835311193183E-014
   1.19433712960158       7.888763748141775E-014
   1.19582814620873       7.865787078157117E-014
   1.19731925177869       7.842902069427185E-014
   1.19881026838584       7.820110965928936E-014
   1.20030137395579       7.797410564288350E-014
   1.20179239056294       7.774803092699624E-014
   1.20328340717009       7.752286716650736E-014
   1.20477451274004       7.729859626434766E-014
   1.20626552934719       7.707524026823084E-014
   1.20775663491715       7.685276784116517E-014
   1.20924765152430       7.663120087636792E-014
   1.21073875709425       7.641050830998835E-014
   1.21222977370140       7.619071188205804E-014
   1.21372079030855       7.597179383457883E-014
   1.21521189587850       7.575373664823401E-014
   1.21670291248565       7.553656183570995E-014
   1.21819401805561       7.532023900249723E-014
   1.21968503466276       7.510478951131960E-014
   1.22117614023271       7.489018323011698E-014
   1.22266715683986       7.467644137291878E-014
   1.22415826240981       7.446353406715452E-014
   1.22564927901696       7.425148237941554E-014
   1.22714029562411       7.404026927098469E-014
   1.22863140119407       7.382987793041739E-014
   1.23012241780122       7.362032920548009E-014
   1.23161352337117       7.341159385964687E-014
   1.23310453997832       7.320369259633610E-014
   1.23459564554827       7.299659642847518E-014
   1.23608666215542       7.279032591634924E-014
   1.23757776772538       7.258485231956223E-014
   1.23906878433253       7.238019605647017E-014
   1.24055980093967       7.217634076999873E-014
   1.24205090650963       7.197327031960732E-014
   1.24354192311678       7.177100491299419E-014
   1.24503302868673       7.156951641454221E-014
   1.24652404529388       7.136882489298155E-014
   1.24801515086384       7.116890244994384E-014
   1.24950616747099       7.096976901635663E-014
   1.25099718407813       7.077140874083816E-014
   1.25248828964809       7.057380598062010E-014
   1.25397930625524       7.037698046208756E-014
   1.25547041182519       7.018090486864611E-014
   1.25696142843234       6.998559879174234E-014
   1.25845253400230       6.979103514304703E-014
   1.25994355060944       6.959723338019586E-014
   1.26143465617940       6.940416664063579E-014
   1.26292567278655       6.921185424930756E-014
   1.26441668939370       6.902028097538780E-014
   1.26590779496365       6.882943178700382E-014
   1.26739881157080       6.863932581454774E-014
   1.26888991714076       6.844993679386427E-014
   1.27038093374790       6.826128377433249E-014
   1.27187203931786       6.807334070897348E-014
   1.27336305592501       6.788612651054952E-014
   1.27485416149496       6.769961534549759E-014
   1.27634517810211       6.751382599714355E-014
   1.27783619470926       6.732874386515030E-014
   1.27932730027922       6.714435453832535E-014
   1.28081831688636       6.696067660787152E-014
   1.28230942245632       6.677768476400036E-014
   1.28380043906347       6.659539747116813E-014
   1.28529154463342       6.641378962526790E-014
   1.28678256124057       6.623287956506728E-014
   1.28827357784772       6.605265312303194E-014
   1.28976468341767       6.587309631417518E-014
   1.29125570002482       6.569422729069469E-014
   1.29274680559478       6.551602145335247E-014
   1.29423782220193       6.533849683125777E-014
   1.29572892777188       6.516162902345992E-014
   1.29721994437903       6.498543593700252E-014
   1.29871104994899       6.480989336716943E-014
   1.30020206655613       6.463501909995236E-014
   1.30169308316328       6.446079950033666E-014
   1.30318418873324       6.428722110778247E-014
   1.30467520534039       6.411430152858321E-014
   1.30616631091034       6.394201703979469E-014
   1.30765732751749       6.377038512914918E-014
   1.30914843308744       6.359938226295416E-014
   1.31063944969459       6.342902581136015E-014
   1.31213046630174       6.325930253584378E-014
   1.31362157187170       6.309019936637611E-014
   1.31511258847885       6.292173349855370E-014
   1.31660369404880       6.275388186338088E-014
   1.31809471065595       6.258666154128184E-014
   1.31958581622590       6.242004964583180E-014
   1.32107683283305       6.225406314322942E-014
   1.32256793840301       6.208867932776529E-014
   1.32405895501016       6.192391505235127E-014
   1.32554997161731       6.175975756671412E-014
   1.32704107718726       6.159619428175010E-014
   1.32853209379441       6.143324188218338E-014
   1.33002319936436       6.127087810612255E-014
   1.33151421597151       6.110911952731245E-014
   1.33300532154147       6.094794405826225E-014
   1.33449633814862       6.078736816264532E-014
   1.33598744371857       6.062736992561614E-014
   1.33747846032572       6.046796570167665E-014
   1.33896947693287       6.030914320587434E-014
   1.34046058250282       6.015089030748756E-014
   1.34195159910997       5.999322319892989E-014
   1.34344270467993       5.983612038943073E-014
   1.34493372128708       5.967959796444326E-014
   1.34642482685703       5.952363459986891E-014
   1.34791584346418       5.936824627507017E-014
   1.34940686007133       5.921342105199385E-014
   1.35089796564128       5.905914714167292E-014
   1.35238898224843       5.890544036594847E-014
   1.35388008781839       5.875227981018123E-014
   1.35537110442554       5.859968119226089E-014
   1.35686220999549       5.844762375849800E-014
   1.35835322660264       5.829612312367264E-014
   1.35984433217259       5.814515869345394E-014
   1.36133534877974       5.799474598034629E-014
   1.36282636538689       5.784487347401218E-014
   1.36431747095685       5.769552980688851E-014
   1.36580848756400       5.754673033961337E-014
   1.36729959313395       5.739845486941707E-014
   1.36879060974110       5.725071866496743E-014
   1.37028171531105       5.710350179965821E-014
   1.37177273191820       5.695681945793323E-014
   1.37326383748816       5.681065172135591E-014
   1.37475485409531       5.666501363053178E-014
   1.37624587070246       5.651989406197180E-014
   1.37773697627241       5.637528202934270E-014
   1.37922799287956       5.623119242781617E-014
   1.38071909844951       5.608760571536104E-014
   1.38221011505666       5.594453669116114E-014
   1.38370122062662       5.580196596115655E-014
   1.38519223723377       5.565990822930879E-014
   1.38668325384092       5.551835267917478E-014
   1.38817435941087       5.537728862695697E-014
   1.38966537601802       5.523673063520425E-014
   1.39115648158797       5.509665967346394E-014
   1.39264749819512       5.495709021094609E-014
   1.39413860376508       5.481800336015841E-014
   1.39562962037223       5.467941349771388E-014
   1.39712072594218       5.454130187768791E-014
   1.39861174254933       5.440368278483046E-014
   1.40010275915648       5.426654578146692E-014
   1.40159386472643       5.412988055703587E-014
   1.40308488133358       5.399370125985684E-014
   1.40457598690354       5.385798949193647E-014
   1.40606700351069       5.372275931153858E-014
   1.40755810908064       5.358799245749159E-014
   1.40904912568779       5.345370289871463E-014
   1.41054014229494       5.331988048027394E-014
   1.41203124786489       5.318651517024111E-014
   1.41352226447204       5.305362080483857E-014
   1.41501337004200       5.292117945920811E-014
   1.41650438664915       5.278920488197645E-014
   1.41799549221910       5.265767928055644E-014
   1.41948650882625       5.252661631666789E-014
   1.42097761439620       5.239599832872944E-014
   1.42246863100335       5.226583889223558E-014
   1.42395964761050       5.213612820131252E-014
   1.42545075318046       5.200685656804799E-014
   1.42694176978761       5.187803743986649E-014
   1.42843287535756       5.174965347725795E-014
   1.42992389196471       5.162171804310032E-014
   1.43141499753466       5.149421392457517E-014
   1.43290601414181       5.136715440067471E-014
   1.43439711971177       5.124052238407150E-014
   1.43588813631892       5.111433107052624E-014
   1.43737915292606       5.098857098777428E-014
   1.43887025849602       5.086323277672208E-014
   1.44036127510317       5.073832950949851E-014
   1.44185238067312       5.061384440734395E-014
   1.44334339728027       5.048979046076594E-014
   1.44483450285023       5.036615101240522E-014
   1.44632551945738       5.024293897178165E-014
   1.44781653606452       5.012014511595950E-014
   1.44930764163448       4.999776033161307E-014
   1.45079865824163       4.987579740795871E-014
   1.45228976381158       4.975423998618242E-014
   1.45378078041873       4.963310077607278E-014
   1.45527188598869       4.951236353628769E-014
   1.45676290259584       4.939204089780215E-014
   1.45825400816579       4.927211673565268E-014
   1.45974502477294       4.915260360260873E-014
   1.46123604138009       4.903349258390491E-014
   1.46272714695004       4.891477487000760E-014
   1.46421816355719       4.879646289750880E-014
   1.46570926912715       4.867854082768763E-014
   1.46720028573429       4.856102102042785E-014
   1.46869139130425       4.844388774965822E-014
   1.47018240791140       4.832715329914326E-014
   1.47167351348135       4.821080205442308E-014
   1.47316453008850       4.809484622372753E-014
   1.47465554669565       4.797927718720160E-014
   1.47614665226561       4.786408642605781E-014
   1.47763766887275       4.774928603630867E-014
   1.47912877444271       4.763486062326419E-014
   1.48061979104986       4.752082210811207E-014
   1.48211089661981       4.740715526450365E-014
   1.48360191322696       4.729387204891557E-014
   1.48509292983411       4.718096407006706E-014
   1.48658403540406       4.706842303450018E-014
   1.48807505201121       4.695626078915312E-014
   1.48956615758117       4.684446237557129E-014
   1.49105717418832       4.673303956836090E-014
   1.49254819079547       4.662198412877914E-014
