1.0592092993665678e-7
1.0556945782692908e-6
2.0054682266019243e-6
2.955241874934558e-6
3.905015523267192e-6
4.854789171599825e-6
5.785504735581201e-6
6.544697540401251e-6
7.3038903452213e-6
8.063083150041349e-6
8.822275954861399e-6
9.539911574829162e-6
0.000010091318455387781
0.000010642725335946398
0.000011194132216505017
0.000011745539097063634
0.000012230408043789265
0.000012560021811571258
0.000012889635579353248
0.00001321924934713524
0.000013548863114917231
0.000013785327471101479
0.000013882067709889115
0.00001397880794867675
0.000014075548187464384
0.00001417228842625202
0.000014148371277937625
0.000014003796742521198
0.000013859222207104773
0.000013714647671688348
0.000013570073136271921
0.000013277053132551012
0.000012885069483293776
0.000012493085834036541
0.000012101102184779306
0.000011709118535522072
0.000011141124196746475
0.000010497696705320148
9.85426921389382e-6
9.210841722467495e-6
8.567414231041167e-6
7.753637880358306e-6
6.897274314861318e-6
6.040910749364324e-6
5.18454718386733e-6
4.328183618370337e-6
3.643738984820882e-6
2.9783964548211533e-6
2.3130539248214285e-6
1.6477113948217e-6
9.823688648219716e-7
7.818854230215693e-7
5.814019812211669e-7
3.809185394207645e-7
1.8043509762036213e-7
0.
0.
0.
0.
0.
0.
0.
0.
0.
0.
0.
0.
0.
0.
0.
0.
0.
0.
0.
0.
0.
0.
0.
0.
0.
0.
0.
0.
0.
0.
0.
0.
0.
0.
0.
0.
0.
0.
0.
0.
0.
0.
0.
0.
0.
0.