4.3223386831559124e-8
1.0660270195703737e-6
2.0888306523091874e-6
3.1116342850480015e-6
4.134437917786816e-6
5.157241550525631e-6
6.171871687231492e-6
7.112940359640779e-6
8.054009032050066e-6
8.995077704459352e-6
9.93614637686864e-6
0.000010858491023790221
0.000011705939568760978
0.000012553388113731737
0.000013400836658702496
0.000014248285203673253
0.000015064664685476762
0.000015808549686556694
0.00001655243468763662
0.00001729631968871655
0.000018040204689796485
0.000018739403845167446
0.00001937157423197496
0.000020003744618782474
0.000020635915005589988
0.0000212680853923975
0.000021841138167009555
0.000022355073329426145
0.000022869008491842738
0.000023382943654259328
0.000023896878816675918
0.000024336838448767682
0.00002472748106064289
0.000025118123672518104
0.000025508766284393314
0.000025899408896268523
0.000026201114350485727
0.000026464703879992357
0.00002672829340949899
0.00002699188293900562
0.00002725547246851225
0.000027415319644608787
0.000027549231232352798
0.000027683142820096806
0.000027817054407840817
0.000027950965995584828
0.000027966690072443218
0.00002796928220364765
0.00002797187433485208
0.000027974466466056513
0.000027977058597260944
0.00002784753186347642
0.000027718005129691896
0.000027588478395907372
0.000027458951662122848
0.000027316204430181537
0.000027054472714829126
0.000026792740999476714
0.000026531009284124302
0.00002626927756877189
0.000025981207125900708
0.000025587781772954428
0.000025194356420008145
0.000024800931067061865
0.000024407505714115585
0.000023974874046587248
0.000023450760978367445
0.000022926647910147646
0.000022402534841927843
0.000021878421773708044
0.000021302597661089042
0.00002064920698187126
0.000019995816302653467
0.000019342425623435675
0.000018689034944217882
0.000017971873270914726
0.000017190940603526206
0.000016410007936137686
0.000015629075268749166
0.000014848142601360645
0.000013991880710215596
0.000013085399336566194
0.000012178917962916791
0.00001127243658926739
0.000010365955215617999
9.373530310822182e-6
8.34427246410647e-6
7.3150146173907586e-6
6.285756770675048e-6
5.256498923959337e-6
4.425459975345777e-6
3.6439757512577555e-6
2.862491527169733e-6
2.0810073030817116e-6
1.2995230789936894e-6
9.970405359876626e-7
7.477804019907489e-7
4.985202679938327e-7
2.4926013399691633e-7
0.
-2.4926013399691633e-7